0020 0001 0021 0040
0002 0004 0001 0043
0004 0026 0044 0027
0026 0027 0004 0008
0008 0027 0028 0026
0008 0029 0028 0049
0011 0029 0050 0008
0014 0035 0034 0013
0037 0035 0014 0038
0037 0038 0058 0035
0038 0037 0058 0035
0038 0037 0058 0099
0021 0002 0041 0043
0043 0044 0002 0004
0044 0004 0043 0064
0026 0044 0004 0065
0050 0029 0049 0051
0051 0032 0011 0052
0053 0034 0032 0013
0037 0035 0038 0034
0038 0058 0037 0099
0041 0043 0062 0021
0065 0044 0026 0064
0026 0047 0027 0065
0035 0054 0034 0074
0037 0035 0058 0054
0058 0037 0038 0098
0058 0038 0099 0037
0040 0061 0080 0041
0062 0043 0064 0083
0065 0067 0086 0085
0048 0067 0088 0047
0049 0050 0048 0088
0071 0050 0049 0051
0071 0052 0053 0051
0074 0053 0054 0052
0074 0095 0054 0035
0095 0074 0058 0037
0058 0098 0037 0117
0058 0098 0099 0038
0099 0058 0098 0038
0080 0061 0102 0062
0102 0083 0062 0061
0085 0064 0083 0105
0088 0129 0091 0087
0091 0071 0130 0088
0091 0112 0071 0052
0074 0112 0133 0095
0095 0074 0115 0134
0095 0117 0115 0098
0098 0117 0099 0095
0102 0121 0100 0122
0102 0083 0122 0105
0105 0125 0085 0083
0128 0088 0107 0127
0129 0130 0128 0088
0130 0129 0091 0112
0091 0112 0130 0151
0133 0112 0134 0115
0134 0115 0133 0135
0136 0117 0115 0135
0117 0138 0098 0099
0099 0138 0098 0117
0122 0102 0142 0144
0125 0144 0105 0164
0106 0125 0146 0127
0130 0151 0112 0091
0112 0133 0151 0134
0138 0117 0136 0156
0159 0138 0099 0179
0120 0160 0121 0161
0142 0161 0121 0122
0142 0144 0122 0162
0146 0144 0125 0166
0146 0127 0128 0166
0149 0128 0169 0129
0149 0130 0170 0151
0151 0171 0133 0112
0154 0133 0174 0134
0154 0135 0156 0134
0156 0138 0178 0136
0159 0138 0178 0179
0162 0183 0164 0142
0166 0185 0164 0146
0166 0187 0186 0146
0169 0188 0189 0149
0171 0151 0191 0174
0174 0154 0213 0171
0174 0195 0154 0156
0156 0197 0195 0178
0178 0197 0198 0156
0200 0160 0201 0161
0182 0201 0161 0162
0212 0191 0211 0213
0213 0214 0174 0212
0214 0174 0195 0213
0216 0197 0195 0217
0201 0182 0203 0222
0188 0207 0187 0189
0189 0190 0230 0188
0190 0211 0230 0189
0217 0198 0219 0197
0200 0240 0221 0201
0222 0203 0243 0224
0226 0224 0205 0206
0207 0226 0206 0187
0207 0249 0230 0188
0230 0249 0189 0269
0211 0251 0230 0212
0212 0252 0211 0251
0234 0213 0253 0254
0237 0257 0217 0219
0219 0259 0237 0199
0244 0226 0264 0224
0226 0267 0244 0206
0267 0226 0287 0207
0249 0267 0269 0288
0249 0270 0230 0251
0254 0235 0256 0234
0257 0259 0237 0277
0241 0260 0282 0242
0282 0242 0263 0241
0264 0244 0267 0263
0267 0287 0306 0264
0288 0267 0269 0287
0251 0270 0272 0290
0273 0254 0293 0253
0295 0276 0296 0254
0277 0298 0279 0257
0260 0300 0282 0240
0282 0302 0260 0300
0264 0304 0283 0263
0306 0264 0304 0287
0287 0306 0267 0288
0269 0290 0309 0288
0290 0270 0272 0312
0272 0293 0312 0273
0293 0295 0273 0313
0298 0277 0317 0296
0302 0300 0282 0322
0306 0304 0325 0324
0306 0308 0287 0327
0312 0310 0331 0290
0313 0315 0334 0293
0296 0317 0336 0315
0340 0300 0341 0360
0322 0341 0302 0340
0325 0327 0346 0306
0330 0328 0309 0350
0331 0312 0313 0372
0334 0313 0354 0312
0334 0336 0315 0354
0337 0358 0339 0318
0362 0341 0322 0343
0367 0327 0346 0348
0350 0348 0370 0368
0371 0350 0331 0370
0372 0371 0331 0392
0354 0372 0334 0393
0354 0356 0334 0336
0341 0362 0360 0340
0343 0383 0362 0364
0370 0368 0389 0350
0372 0393 0354 0392
0354 0393 0334 0372
0354 0356 0334 0393
0356 0357 0397 0378
0357 0378 0397 0358
0360 0340 0341 0362
0362 0360 0341 0383
0383 0362 0384 0341
0365 0384 0366 0364
0366 0365 0367 0346
0367 0366 0368 0389
0368 0389 0367 0348
0371 0390 0392 0372
0393 0354 0392 0372
0393 0397 0354 0356
0397 0356 0357 0378
0397 0378 0399 0379
