0.800000 0.807895
0.800000 0.815789
0.800000 0.823684
0.800000 0.831579
0.800000 0.839474
0.800000 0.847368
0.800000 0.855263
0.800000 0.863158
0.800000 0.878947
0.800000 0.886842
0.800000 0.894737
0.800000 0.902632
0.800000 0.910526
0.800000 0.926316
0.800000 0.934211
0.800000 0.942105
0.800000 0.950000
0.807895 0.800000
0.807895 0.807895
0.807895 0.823684
0.807895 0.831579
0.807895 0.847368
0.807895 0.855263
0.807895 0.863158
0.807895 0.871053
0.807895 0.894737
0.807895 0.910526
0.807895 0.918421
0.807895 0.926316
0.807895 0.934211
0.807895 0.942105
0.815789 0.800000
0.815789 0.807895
0.815789 0.823684
0.815789 0.831579
0.815789 0.839474
0.815789 0.855263
0.815789 0.863158
0.815789 0.871053
0.815789 0.878947
0.815789 0.886842
0.815789 0.894737
0.815789 0.902632
0.815789 0.910526
0.815789 0.942105
0.815789 0.950000
0.823684 0.800000
0.823684 0.807895
0.823684 0.815789
0.823684 0.823684
0.823684 0.831579
0.823684 0.839474
0.823684 0.847368
0.823684 0.855263
0.823684 0.863158
0.823684 0.871053
0.823684 0.886842
0.823684 0.910526
0.823684 0.918421
0.823684 0.950000
0.831579 0.800000
0.831579 0.807895
0.831579 0.823684
0.831579 0.839474
0.831579 0.847368
0.831579 0.855263
0.831579 0.863158
0.831579 0.871053
0.831579 0.878947
0.831579 0.886842
0.831579 0.894737
0.831579 0.918421
0.831579 0.926316
0.831579 0.934211
0.831579 0.942105
0.831579 0.950000
0.839474 0.800000
0.839474 0.815789
0.839474 0.823684
0.839474 0.839474
0.839474 0.847368
0.839474 0.855263
0.839474 0.863158
0.839474 0.871053
0.839474 0.878947
0.839474 0.886842
0.839474 0.894737
0.839474 0.918421
0.839474 0.934211
0.839474 0.942105
0.839474 0.950000
0.847368 0.800000
0.847368 0.807895
0.847368 0.815789
0.847368 0.823684
0.847368 0.839474
0.847368 0.855263
0.847368 0.863158
0.847368 0.871053
0.847368 0.878947
0.847368 0.886842
0.847368 0.902632
0.847368 0.910526
0.847368 0.918421
0.847368 0.926316
0.847368 0.934211
0.847368 0.942105
0.847368 0.950000
0.855263 0.815789
0.855263 0.823684
0.855263 0.831579
0.855263 0.839474
0.855263 0.847368
0.855263 0.855263
0.855263 0.871053
0.855263 0.878947
0.855263 0.886842
0.855263 0.902632
0.855263 0.910526
0.855263 0.918421
0.855263 0.926316
0.855263 0.934211
0.855263 0.950000
0.863158 0.800000
0.863158 0.807895
0.863158 0.815789
0.863158 0.823684
0.863158 0.831579
0.863158 0.839474
0.863158 0.847368
0.863158 0.855263
0.863158 0.863158
0.863158 0.871053
0.863158 0.878947
0.863158 0.886842
0.863158 0.910526
0.863158 0.918421
0.863158 0.926316
0.863158 0.934211
0.863158 0.942105
0.863158 0.950000
0.871053 0.800000
0.871053 0.815789
0.871053 0.823684
0.871053 0.831579
0.871053 0.839474
0.871053 0.847368
0.871053 0.855263
0.871053 0.863158
0.871053 0.871053
0.871053 0.878947
0.871053 0.886842
0.871053 0.894737
0.871053 0.910526
0.871053 0.918421
0.871053 0.926316
0.871053 0.934211
0.871053 0.942105
0.871053 0.950000
0.878947 0.800000
0.878947 0.807895
0.878947 0.815789
0.878947 0.823684
0.878947 0.831579
0.878947 0.839474
0.878947 0.847368
0.878947 0.855263
0.878947 0.863158
0.878947 0.886842
0.878947 0.894737
0.878947 0.902632
0.878947 0.910526
0.878947 0.918421
0.878947 0.926316
0.878947 0.934211
0.878947 0.942105
0.878947 0.950000
0.886842 0.800000
0.886842 0.807895
0.886842 0.815789
0.886842 0.831579
0.886842 0.847368
0.886842 0.855263
0.886842 0.863158
0.886842 0.871053
0.886842 0.878947
0.886842 0.902632
0.886842 0.910526
0.886842 0.918421
0.886842 0.926316
0.886842 0.934211
0.886842 0.942105
0.886842 0.950000
0.894737 0.800000
0.894737 0.807895
0.894737 0.815789
0.894737 0.823684
0.894737 0.831579
0.894737 0.839474
0.894737 0.847368
0.894737 0.855263
0.894737 0.863158
0.894737 0.871053
0.894737 0.878947
0.894737 0.886842
0.894737 0.894737
0.894737 0.902632
0.894737 0.910526
0.894737 0.926316
0.894737 0.934211
0.894737 0.942105
0.894737 0.950000
0.902632 0.800000
0.902632 0.823684
0.902632 0.831579
0.902632 0.839474
0.902632 0.855263
0.902632 0.871053
0.902632 0.878947
0.902632 0.894737
0.902632 0.902632
0.902632 0.910526
0.902632 0.918421
0.902632 0.926316
0.902632 0.934211
0.902632 0.950000
0.910526 0.807895
0.910526 0.815789
0.910526 0.823684
0.910526 0.831579
0.910526 0.839474
0.910526 0.847368
0.910526 0.855263
0.910526 0.863158
0.910526 0.871053
0.910526 0.878947
0.910526 0.886842
0.910526 0.894737
0.910526 0.902632
0.910526 0.918421
0.910526 0.926316
0.910526 0.934211
0.910526 0.942105
0.910526 0.950000
0.918421 0.800000
0.918421 0.807895
0.918421 0.815789
0.918421 0.823684
0.918421 0.831579
0.918421 0.839474
0.918421 0.847368
0.918421 0.855263
0.918421 0.863158
0.918421 0.871053
0.918421 0.878947
0.918421 0.886842
0.918421 0.894737
0.918421 0.902632
0.918421 0.910526
0.918421 0.918421
0.918421 0.926316
0.918421 0.934211
0.918421 0.942105
0.918421 0.950000
0.926316 0.815789
0.926316 0.823684
0.926316 0.831579
0.926316 0.839474
0.926316 0.847368
0.926316 0.855263
0.926316 0.863158
0.926316 0.878947
0.926316 0.886842
0.926316 0.894737
0.926316 0.902632
0.926316 0.910526
0.926316 0.918421
0.926316 0.926316
0.926316 0.934211
0.926316 0.950000
0.934211 0.800000
0.934211 0.807895
0.934211 0.823684
0.934211 0.831579
0.934211 0.839474
0.934211 0.847368
0.934211 0.855263
0.934211 0.863158
0.934211 0.871053
0.934211 0.878947
0.934211 0.886842
0.934211 0.902632
0.934211 0.910526
0.934211 0.918421
0.934211 0.926316
0.934211 0.934211
0.934211 0.942105
0.934211 0.950000
0.942105 0.800000
0.942105 0.815789
0.942105 0.823684
0.942105 0.831579
0.942105 0.839474
0.942105 0.847368
0.942105 0.855263
0.942105 0.863158
0.942105 0.871053
0.942105 0.878947
0.942105 0.886842
0.942105 0.894737
0.942105 0.902632
0.942105 0.918421
0.942105 0.934211
0.942105 0.942105
0.942105 0.950000
0.950000 0.800000
0.950000 0.823684
0.950000 0.831579
0.950000 0.847368
0.950000 0.855263
0.950000 0.863158
0.950000 0.871053
0.950000 0.878947
0.950000 0.894737
0.950000 0.902632
0.950000 0.934211
0.950000 0.942105
0.950000 0.950000
