0001
0002
0004
0006
0008
0010
0011
0012
0013
0014
0020
0021
0023
0026
0027
0028
0029
0032
0034
0035
0037
0038
0040
0041
0043
0044
0047
0048
0049
0050
0051
0052
0053
0054
0058
0059
0061
0062
0064
0065
0067
0068
0069
0071
0074
0080
0081
0083
0085
0086
0087
0088
0089
0091
0092
0095
0096
0097
0098
0099
0100
0102
0103
0105
0106
0107
0111
0112
0115
0117
0120
0121
0122
0123
0125
0127
0128
0129
0130
0133
0134
0135
0136
0138
0142
0143
0144
0146
0147
0149
0150
0151
0154
0156
0159
0160
0161
0162
0163
0164
0165
0166
0168
0169
0170
0171
0174
0178
0179
0182
0183
0184
0185
0186
0187
0188
0189
0190
0191
0192
0195
0196
0197
0198
0199
0200
0201
0203
0204
0205
0206
0207
0208
0211
0212
0213
0214
0215
0216
0217
0219
0221
0222
0224
0226
0228
0230
0234
0235
0236
0237
0238
0240
0241
0242
0243
0244
0249
0251
0252
0253
0254
0256
0257
0259
0260
0263
0264
0267
0269
0270
0272
0273
0275
0276
0277
0279
0282
0283
0284
0286
0287
0288
0290
0293
0295
0296
0298
0299
0300
0302
0303
0304
0306
0308
0309
0310
0312
0313
0315
0316
0317
0318
0319
0322
0323
0324
0325
0326
0327
0328
0330
0331
0333
0334
0336
0337
0339
0340
0341
0343
0344
0345
0346
0348
0350
0353
0354
0356
0357
0358
0359
0360
0362
0363
0364
0365
0366
0367
0368
0370
0371
0372
0375
0377
0378
0379
0383
0384
0389
0390
0392
0393
0397
0398
0399
