0.800000 0.800000
0.800000 0.871053
0.800000 0.918421
0.807895 0.815789
0.807895 0.839474
0.807895 0.878947
0.807895 0.886842
0.807895 0.902632
0.807895 0.950000
0.815789 0.815789
0.815789 0.847368
0.815789 0.918421
0.815789 0.926316
0.815789 0.934211
0.823684 0.878947
0.823684 0.894737
0.823684 0.902632
0.823684 0.926316
0.823684 0.934211
0.823684 0.942105
0.831579 0.815789
0.831579 0.831579
0.831579 0.902632
0.831579 0.910526
0.839474 0.807895
0.839474 0.831579
0.839474 0.902632
0.839474 0.910526
0.839474 0.926316
0.847368 0.831579
0.847368 0.847368
0.847368 0.894737
0.855263 0.800000
0.855263 0.807895
0.855263 0.863158
0.855263 0.894737
0.855263 0.942105
0.863158 0.894737
0.863158 0.902632
0.871053 0.807895
0.871053 0.902632
0.878947 0.871053
0.878947 0.878947
0.886842 0.823684
0.886842 0.839474
0.886842 0.886842
0.886842 0.894737
0.894737 0.918421
0.902632 0.807895
0.902632 0.815789
0.902632 0.847368
0.902632 0.863158
0.902632 0.886842
0.902632 0.942105
0.910526 0.800000
0.910526 0.910526
0.926316 0.800000
0.926316 0.807895
0.926316 0.871053
0.926316 0.942105
0.934211 0.815789
0.934211 0.894737
0.942105 0.807895
0.942105 0.910526
0.942105 0.926316
0.950000 0.807895
0.950000 0.815789
0.950000 0.839474
0.950000 0.886842
0.950000 0.910526
0.950000 0.918421
0.950000 0.926316
