0020 0001 0021 0002 0040 0041 0003 0060
0010 0008 0029 0028 0049 0011 0007 0050
0014 0035 0016 0034 0036 0013 0017 0054
0021 0023 0002 0041 0043 0001 0003 0062
0045 0026 0024 0005 0044 0006 0004 0065
0050 0029 0010 0049 0051 0011 0028 0032
0051 0032 0011 0052 0050 0010 0012 0071
0053 0034 0032 0013 0054 0052 0014 0012
0059 0038 0019 0058 0018 0037 0079 0017
0041 0062 0043 0021 0061 0023 0063 0002
0026 0045 0047 0066 0027 0065 0067 0006
0035 0075 0054 0034 0036 0074 0053 0095
0036 0037 0035 0075 0058 0016 0096 0054
0058 0037 0038 0036 0059 0017 0097 0018
0069 0050 0071 0090 0049 0089 0051 0091
0052 0071 0092 0051 0053 0091 0032 0074
0074 0053 0054 0052 0092 0075 0071 0034
0096 0075 0097 0095 0036 0074 0058 0037
0097 0058 0098 0096 0079 0037 0117 0075
0058 0079 0098 0097 0059 0099 0038 0118
0081 0083 0102 0062 0061 0103 0063 0080
0085 0064 0083 0105 0065 0103 0063 0086
0092 0074 0112 0095 0133 0091 0053 0134
0095 0074 0115 0075 0092 0134 0054 0096
0102 0121 0081 0100 0122 0120 0080 0103
0105 0103 0125 0123 0085 0083 0144 0106
0133 0112 0134 0092 0115 0153 0111 0154
0134 0115 0133 0135 0095 0154 0112 0074
0136 0096 0117 0115 0137 0135 0097 0095
0125 0144 0123 0105 0103 0145 0143 0164
0125 0106 0127 0146 0105 0107 0145 0147
0112 0133 0131 0111 0151 0153 0134 0092
0160 0120 0161 0121 0142 0100 0180 0162
0142 0161 0121 0162 0122 0160 0120 0143
0168 0128 0149 0147 0167 0129 0169 0127
0151 0153 0133 0171 0131 0154 0112 0150
0157 0159 0138 0178 0137 0177 0179 0139
0171 0192 0151 0153 0191 0174 0212 0170
0174 0153 0194 0154 0192 0175 0213 0133
0182 0201 0161 0180 0202 0162 0200 0160
0194 0213 0192 0214 0174 0212 0195 0233
0189 0229 0208 0190 0230 0188 0228 0211
0190 0211 0230 0189 0229 0191 0208 0170
0243 0203 0222 0224 0202 0242 0204 0244
0226 0224 0245 0205 0206 0246 0244 0204
0251 0211 0230 0212 0250 0252 0229 0191
0233 0212 0252 0251 0253 0213 0211 0234
0275 0235 0254 0256 0234 0274 0236 0276
0281 0241 0260 0282 0242 0240 0263 0301
0282 0242 0263 0281 0241 0283 0243 0260
0286 0265 0246 0267 0285 0245 0287 0247
0288 0269 0248 0267 0289 0287 0247 0249
0291 0272 0251 0270 0290 0292 0250 0252
0277 0298 0258 0279 0297 0257 0299 0259
0260 0300 0281 0301 0282 0240 0302 0241
0274 0293 0295 0314 0273 0275 0313 0315
0340 0300 0341 0301 0360 0322 0302 0281
0322 0341 0301 0302 0340 0300 0323 0281
0330 0328 0349 0309 0350 0310 0348 0308
0337 0358 0339 0318 0357 0317 0359 0319
0362 0341 0343 0322 0363 0323 0340 0344
0372 0332 0353 0351 0371 0373 0331 0333
0341 0362 0360 0340 0380 0363 0322 0343
0354 0373 0375 0353 0355 0393 0334 0372
0356 0377 0375 0357 0355 0397 0378 0336
0380 0362 0360 0341 0383 0340 0363 0343
0383 0362 0363 0380 0384 0341 0343 0360
0386 0365 0384 0366 0364 0345 0387 0383
0371 0392 0390 0370 0372 0351 0389 0393
0393 0373 0375 0354 0392 0353 0355 0372
0375 0355 0393 0397 0354 0373 0356 0377
0397 0377 0375 0398 0356 0378 0357 0355
