0001
0002
0003
0004
0005
0006
0007
0008
0010
0011
0012
0013
0014
0016
0017
0018
0019
0020
0021
0023
0024
0026
0027
0028
0029
0032
0034
0035
0036
0037
0038
0040
0041
0043
0044
0045
0047
0048
0049
0050
0051
0052
0053
0054
0058
0059
0060
0061
0062
0063
0064
0065
0066
0067
0068
0069
0071
0074
0075
0079
0080
0081
0083
0085
0086
0087
0088
0089
0090
0091
0092
0095
0096
0097
0098
0099
0100
0102
0103
0105
0106
0107
0108
0109
0110
0111
0112
0115
0117
0118
0119
0120
0121
0122
0123
0125
0127
0128
0129
0130
0131
0133
0134
0135
0136
0137
0138
0139
0142
0143
0144
0145
0146
0147
0149
0150
0151
0153
0154
0155
0156
0157
0159
0160
0161
0162
0163
0164
0165
0166
0167
0168
0169
0170
0171
0174
0175
0176
0177
0178
0179
0180
0182
0183
0184
0185
0186
0187
0188
0189
0190
0191
0192
0194
0195
0196
0197
0198
0199
0200
0201
0202
0203
0204
0205
0206
0207
0208
0211
0212
0213
0214
0215
0216
0217
0218
0219
0220
0221
0222
0224
0226
0227
0228
0229
0230
0233
0234
0235
0236
0237
0238
0239
0240
0241
0242
0243
0244
0245
0246
0247
0248
0249
0250
0251
0252
0253
0254
0256
0257
0258
0259
0260
0263
0264
0265
0267
0269
0270
0272
0273
0274
0275
0276
0277
0279
0281
0282
0283
0284
0285
0286
0287
0288
0289
0290
0291
0292
0293
0295
0296
0297
0298
0299
0300
0301
0302
0303
0304
0305
0306
0307
0308
0309
0310
0311
0312
0313
0314
0315
0316
0317
0318
0319
0322
0323
0324
0325
0326
0327
0328
0330
0331
0332
0333
0334
0335
0336
0337
0339
0340
0341
0343
0344
0345
0346
0347
0348
0349
0350
0351
0353
0354
0355
0356
0357
0358
0359
0360
0362
0363
0364
0365
0366
0367
0368
0369
0370
0371
0372
0373
0375
0377
0378
0379
0380
0383
0384
0386
0387
0388
0389
0390
0392
0393
0397
0398
0399
