0001 0020 0021 0040 0002 0041 0060 0061
0002 0023 0004 0024 0001 0043 0021 0044
0006 0004 0026 0024 0044 0027 0023 0047
0008 0006 0027 0028 0026 0047 0048 0029
0010 0008 0029 0028 0049 0011 0050 0048
0014 0035 0034 0036 0013 0017 0054 0037
0017 0036 0037 0035 0014 0038 0034 0058
0017 0038 0037 0058 0036 0059 0079 0035
0038 0017 0059 0037 0058 0079 0036 0099
0021 0023 0002 0041 0043 0001 0062 0020
0026 0024 0044 0006 0004 0065 0027 0023
0050 0029 0010 0049 0051 0011 0028 0032
0051 0032 0011 0052 0050 0010 0012 0071
0053 0034 0032 0013 0054 0052 0014 0012
0059 0038 0058 0037 0079 0017 0036 0099
0041 0062 0043 0021 0023 0061 0040 0002
0065 0044 0026 0024 0064 0047 0043 0085
0026 0047 0027 0065 0067 0006 0044 0048
0035 0054 0034 0036 0074 0053 0095 0014
0036 0037 0035 0058 0096 0054 0038 0017
0058 0037 0038 0036 0059 0017 0097 0079
0043 0062 0064 0083 0044 0061 0023 0065
0065 0067 0086 0085 0047 0087 0026 0064
0069 0071 0050 0049 0089 0051 0091 0068
0071 0052 0092 0051 0053 0091 0032 0074
0074 0053 0054 0052 0092 0071 0034 0032
0074 0095 0054 0096 0035 0115 0034 0053
0096 0097 0095 0036 0074 0058 0037 0098
0097 0058 0098 0096 0079 0037 0117 0038
0058 0079 0098 0097 0059 0099 0038 0037
0081 0083 0102 0062 0061 0103 0080 0122
0085 0083 0064 0105 0103 0065 0086 0044
0089 0091 0109 0069 0111 0071 0130 0088
0092 0074 0112 0095 0133 0091 0053 0134
0095 0074 0115 0134 0092 0054 0096 0133
0102 0121 0081 0100 0122 0120 0080 0103
0105 0103 0125 0123 0085 0083 0144 0106
0128 0088 0109 0107 0127 0129 0089 0087
0130 0109 0111 0129 0131 0089 0091 0150
0133 0112 0134 0092 0115 0111 0154 0135
0134 0115 0133 0135 0095 0154 0112 0074
0136 0117 0096 0115 0135 0097 0095 0156
0117 0138 0119 0098 0097 0139 0099 0136
0144 0125 0123 0105 0103 0145 0143 0164
0106 0125 0146 0127 0105 0107 0145 0147
0112 0131 0133 0111 0151 0134 0092 0130
0138 0117 0157 0136 0156 0139 0097 0177
0120 0160 0161 0121 0142 0100 0122 0162
0142 0121 0161 0122 0162 0160 0120 0143
0147 0128 0149 0168 0127 0167 0169 0129
0151 0133 0131 0171 0154 0112 0192 0150
0154 0133 0174 0134 0155 0151 0135 0112
0157 0178 0159 0138 0177 0139 0179 0156
0171 0192 0191 0151 0174 0212 0170 0154
0174 0194 0154 0192 0175 0213 0133 0171
0196 0177 0156 0175 0197 0157 0195 0155
0200 0160 0201 0161 0182 0162 0221 0222
0182 0201 0161 0162 0200 0160 0183 0221
0194 0213 0192 0214 0174 0212 0195 0191
0201 0182 0203 0222 0221 0183 0200 0162
0189 0208 0229 0190 0188 0230 0228 0211
0190 0211 0230 0189 0229 0191 0170 0208
0200 0240 0221 0241 0201 0222 0260 0242
0243 0222 0203 0224 0242 0244 0204 0221
0226 0205 0224 0245 0206 0244 0204 0185
0207 0228 0226 0208 0206 0187 0267 0229
0230 0211 0251 0212 0252 0191 0229 0192
0212 0252 0253 0211 0213 0251 0234 0192
0234 0253 0213 0214 0254 0212 0252 0235
0259 0238 0219 0258 0218 0237 0199 0279
0245 0226 0265 0267 0286 0244 0206 0285
0267 0226 0228 0287 0245 0249 0207 0286
0228 0249 0267 0269 0229 0288 0208 0287
0249 0230 0251 0270 0229 0269 0290 0252
0275 0254 0235 0256 0234 0276 0236 0253
0281 0241 0260 0282 0242 0240 0263 0221
0282 0263 0242 0281 0241 0283 0243 0260
0286 0265 0267 0285 0245 0287 0306 0264
0288 0267 0269 0287 0249 0308 0270 0228
0291 0272 0251 0270 0290 0292 0252 0311
0273 0275 0254 0293 0253 0295 0272 0234
0277 0298 0258 0279 0297 0257 0299 0259
0260 0300 0281 0282 0240 0302 0241 0242
0269 0290 0309 0288 0270 0310 0308 0249
0293 0295 0273 0313 0275 0315 0292 0254
0302 0281 0300 0282 0322 0303 0341 0283
0313 0315 0334 0293 0333 0295 0312 0316
0340 0300 0341 0360 0322 0302 0281 0362
0322 0341 0302 0340 0300 0323 0281 0362
0330 0328 0349 0309 0350 0310 0348 0308
0334 0355 0315 0336 0354 0356 0316 0375
0337 0358 0339 0318 0357 0317 0359 0319
0362 0341 0322 0343 0363 0323 0340 0344
0372 0351 0332 0353 0371 0333 0331 0392
0341 0362 0360 0340 0363 0322 0343 0383
0349 0370 0368 0389 0350 0348 0390 0371
0353 0372 0393 0354 0392 0333 0375 0371
0354 0375 0353 0355 0393 0334 0372 0333
0356 0377 0375 0357 0355 0397 0336 0378
0360 0340 0341 0362 0383 0363 0322 0343
0362 0360 0341 0383 0340 0363 0343 0384
0362 0383 0363 0384 0341 0343 0360 0364
0386 0365 0384 0366 0364 0345 0387 0383
0389 0387 0368 0367 0348 0390 0386 0349
0390 0371 0392 0370 0372 0351 0389 0393
0393 0375 0354 0392 0353 0355 0372 0356
0375 0355 0393 0397 0354 0356 0377 0353
0397 0377 0375 0356 0398 0357 0378 0355
