0000
0003
0005
0007
0009
0015
0016
0017
0018
0019
0022
0024
0025
0030
0031
0033
0036
0039
0042
0045
0046
0055
0056
0057
0060
0063
0066
0070
0072
0073
0075
0076
0077
0078
0079
0082
0084
0090
0093
0094
0101
0104
0108
0109
0110
0113
0114
0116
0118
0119
0124
0126
0131
0132
0137
0139
0140
0141
0145
0148
0152
0153
0155
0157
0158
0167
0172
0173
0175
0176
0177
0180
0181
0193
0194
0202
0209
0210
0218
0220
0223
0225
0227
0229
0231
0232
0233
0239
0245
0246
0247
0248
0250
0255
0258
0261
0262
0265
0266
0268
0271
0274
0278
0280
0281
0285
0289
0291
0292
0294
0297
0301
0305
0307
0311
0314
0320
0321
0329
0332
0335
0338
0342
0347
0349
0351
0352
0355
0361
0369
0373
0374
0376
0380
0381
0382
0385
0386
0387
0388
0391
0394
0395
0396
