0.363632 0.363632 0.181816 0.090920
0.399992 0.399986 0.100011 0.100011
0.526287 0.263177 0.105268 0.105268
0.499992 0.249996 0.125014 0.124998
0.333333 0.333333 0.166667 0.166667
0.363632 0.363632 0.181816 0.090920
0.499969 0.250015 0.125008 0.125007
0.363632 0.363632 0.181816 0.090920
0.344824 0.344821 0.172411 0.137944
0.526290 0.263179 0.105274 0.105257
0.540510 0.270290 0.135145 0.054055
0.519456 0.207804 0.207804 0.064936
0.333369 0.333283 0.166685 0.166663
0.400053 0.199999 0.199975 0.199973
0.363684 0.363590 0.181817 0.090909
0.444489 0.222216 0.222187 0.111108
0.333343 0.333337 0.166670 0.166650
0.285761 0.285688 0.285688 0.142862
0.250032 0.250032 0.249968 0.249968
0.399998 0.399991 0.100012 0.099999
0.537283 0.268676 0.134338 0.059703
0.285756 0.285683 0.285683 0.142878
0.333319 0.333319 0.166702 0.166660
0.333376 0.333291 0.166667 0.166667
0.333383 0.333298 0.166670 0.166649
0.333342 0.333339 0.166671 0.166648
0.370376 0.370376 0.185188 0.074060
0.512796 0.256431 0.128198 0.102575
0.285716 0.285716 0.285711 0.142858
0.250002 0.250002 0.249998 0.249998
0.285763 0.285690 0.285685 0.142862
0.285716 0.285716 0.285711 0.142858
0.399991 0.200020 0.199995 0.199994
0.333327 0.333327 0.166683 0.166663
0.333333 0.333333 0.166667 0.166667
0.333383 0.333298 0.166670 0.166649
0.363634 0.363629 0.181817 0.090920
0.434764 0.217384 0.173926 0.173926
0.333342 0.333339 0.166671 0.166648
0.363635 0.363629 0.181816 0.090920
0.454538 0.227273 0.227271 0.090918
0.333321 0.333316 0.166682 0.166681
0.285711 0.285711 0.285706 0.142873
0.285717 0.285712 0.285712 0.142858
0.571408 0.142870 0.142869 0.142852
0.499985 0.249991 0.125012 0.125011
0.363637 0.363637 0.181817 0.090909
0.333346 0.333306 0.166674 0.166674
0.363634 0.363629 0.181817 0.090920
0.444435 0.222221 0.222219 0.111125
0.400057 0.399954 0.100001 0.099988
0.285735 0.285735 0.285662 0.142868
0.363628 0.363628 0.181837 0.090906
0.399990 0.200021 0.199995 0.199994
0.285761 0.285688 0.285688 0.142862
0.400031 0.200014 0.199990 0.199964
0.444483 0.222240 0.222185 0.111092
0.363624 0.363624 0.181835 0.090918
0.363674 0.363581 0.181837 0.090907
0.333369 0.333284 0.166684 0.166663
0.285763 0.285690 0.285685 0.142862
0.285746 0.285745 0.285672 0.142836
0.444425 0.222241 0.222213 0.111121
0.399990 0.200021 0.199995 0.199994
0.363628 0.363628 0.181837 0.090907
0.250032 0.250032 0.249968 0.249968
0.363624 0.363624 0.181835 0.090918
0.363691 0.363598 0.181799 0.090911
0.285746 0.285745 0.285672 0.142836
0.399995 0.399995 0.100012 0.099999
0.333333 0.333333 0.166667 0.166667
0.285761 0.285688 0.285688 0.142862
0.333335 0.333330 0.166668 0.166668
0.285761 0.285688 0.285688 0.142862
0.333333 0.333333 0.166667 0.166667
0.333333 0.333333 0.166667 0.166667
0.250045 0.249985 0.249985 0.249985
0.444438 0.222219 0.222219 0.111124
0.333376 0.333291 0.166667 0.166667
0.285716 0.285716 0.285711 0.142858
0.399979 0.200016 0.200016 0.199990
0.285714 0.285714 0.285714 0.142857
0.285716 0.285716 0.285711 0.142858
0.285761 0.285688 0.285688 0.142862
0.333333 0.333333 0.166667 0.166667
0.333333 0.333333 0.166667 0.166667
0.444438 0.222219 0.222219 0.111124
0.500040 0.249988 0.124993 0.124978
0.333334 0.333334 0.166667 0.166666
0.444439 0.222219 0.222218 0.111124
0.333384 0.333297 0.166670 0.166649
0.333380 0.333300 0.166670 0.166650
0.285742 0.285737 0.285668 0.142853
0.333374 0.333293 0.166667 0.166667
0.400018 0.200011 0.199986 0.199985
0.285753 0.285684 0.285684 0.142878
0.285760 0.285691 0.285686 0.142863
0.250033 0.250029 0.249969 0.249969
0.333374 0.333293 0.166667 0.166667
0.400019 0.200010 0.199986 0.199986
0.285754 0.285685 0.285685 0.142877
0.285737 0.285732 0.285663 0.142867
0.285714 0.285714 0.285714 0.142857
0.250001 0.250001 0.250001 0.249997
0.285761 0.285688 0.285688 0.142862
0.363632 0.363632 0.181816 0.090919
0.333320 0.333320 0.166680 0.166680
0.400053 0.399957 0.100001 0.099989
0.285714 0.285714 0.285714 0.142857
0.333333 0.333333 0.166667 0.166667
0.285761 0.285688 0.285688 0.142862
0.400041 0.199995 0.199995 0.199969
0.399990 0.399990 0.100010 0.100010
0.399990 0.200020 0.199995 0.199995
0.499992 0.249996 0.125014 0.124998
0.499992 0.249996 0.125014 0.124998
0.444438 0.222219 0.222219 0.111124
0.250045 0.249985 0.249985 0.249985
0.285716 0.285716 0.285711 0.142858
0.333376 0.333290 0.166667 0.166667
0.333312 0.333312 0.166699 0.166677
0.285761 0.285688 0.285688 0.142862
0.499992 0.249996 0.125014 0.124997
0.499968 0.250016 0.125008 0.125008
0.285761 0.285688 0.285688 0.142862
0.285709 0.285709 0.285709 0.142873
0.333369 0.333284 0.166684 0.166663
0.333385 0.333295 0.166670 0.166650
0.285741 0.285740 0.285667 0.142852
0.400051 0.399949 0.100000 0.100000
0.400041 0.199995 0.199995 0.199969
0.285763 0.285690 0.285685 0.142862
0.285725 0.285725 0.285688 0.142862
0.363628 0.363628 0.181837 0.090907
0.250033 0.250029 0.249969 0.249969
0.399979 0.200015 0.200015 0.199990
0.285761 0.285688 0.285688 0.142862
0.333369 0.333284 0.166684 0.166663
0.250032 0.250032 0.249968 0.249968
0.333377 0.333291 0.166667 0.166666
0.285768 0.285695 0.285690 0.142846
0.250001 0.250001 0.250001 0.249997
0.285716 0.285716 0.285711 0.142858
0.285763 0.285689 0.285685 0.142863
0.250002 0.250002 0.249998 0.249998
0.363634 0.363628 0.181817 0.090920
0.333384 0.333298 0.166669 0.166649
0.250049 0.249985 0.249985 0.249981
0.285760 0.285691 0.285686 0.142863
0.363635 0.363629 0.181816 0.090920
0.333385 0.333295 0.166671 0.166649
0.285717 0.285712 0.285712 0.142858
0.250049 0.249985 0.249985 0.249981
0.250032 0.250032 0.249968 0.249968
0.250048 0.249984 0.249984 0.249984
0.333366 0.333285 0.166684 0.166664
0.285762 0.285688 0.285688 0.142862
0.444489 0.222216 0.222187 0.111108
0.444476 0.222210 0.222210 0.111105
0.333336 0.333330 0.166668 0.166666
0.285741 0.285740 0.285667 0.142852
0.250049 0.249985 0.249985 0.249981
0.285753 0.285684 0.285684 0.142878
0.333319 0.333319 0.166702 0.166660
0.500032 0.249984 0.124992 0.124992
0.357147 0.357144 0.142855 0.142855
0.444489 0.222216 0.222187 0.111108
0.285735 0.285735 0.285662 0.142868
0.606034 0.151528 0.121219 0.121219
0.333348 0.333305 0.166674 0.166674
0.408158 0.408158 0.102039 0.081644
0.333326 0.333326 0.166684 0.166663
0.444425 0.222241 0.222213 0.111121
0.444444 0.222222 0.222222 0.111111
0.363632 0.363632 0.181816 0.090920
0.285714 0.285714 0.285714 0.142857
0.588268 0.147048 0.147048 0.117636
0.277792 0.277754 0.222228 0.222227
0.606034 0.151528 0.121219 0.121219
0.285767 0.285693 0.285693 0.142847
