0.363632 0.363632 0.181816 0.090920
0.285764 0.285695 0.285695 0.142847
0.285716 0.285716 0.285711 0.142858
0.285756 0.285683 0.285683 0.142878
0.250032 0.250032 0.249968 0.249968
0.285737 0.285732 0.285663 0.142867
0.285761 0.285688 0.285688 0.142862
0.250032 0.250032 0.249968 0.249968
0.285761 0.285688 0.285688 0.142862
0.285756 0.285683 0.285683 0.142878
0.250032 0.250032 0.249968 0.249968
0.285761 0.285688 0.285688 0.142862
0.400042 0.199996 0.199994 0.199968
0.333341 0.333340 0.166670 0.166649
0.250046 0.249986 0.249986 0.249982
0.285716 0.285716 0.285711 0.142858
0.333383 0.333298 0.166670 0.166649
0.333333 0.333333 0.166668 0.166666
0.399977 0.200017 0.200016 0.199990
0.285711 0.285711 0.285706 0.142873
0.250049 0.249985 0.249985 0.249981
0.285717 0.285712 0.285712 0.142858
0.444426 0.222240 0.222213 0.111121
0.333335 0.333330 0.166668 0.166666
0.250032 0.250032 0.249968 0.249968
0.333321 0.333316 0.166682 0.166681
0.333376 0.333291 0.166688 0.166645
0.333369 0.333284 0.166684 0.166663
0.250049 0.249985 0.249985 0.249981
0.285710 0.285710 0.285706 0.142873
0.250032 0.250032 0.249968 0.249968
0.285761 0.285688 0.285688 0.142862
0.333333 0.333333 0.166667 0.166667
0.285761 0.285688 0.285688 0.142862
0.250000 0.250000 0.250000 0.250000
0.333333 0.333333 0.166667 0.166667
0.250048 0.249984 0.249984 0.249984
0.333333 0.333333 0.166667 0.166667
0.333376 0.333291 0.166667 0.166667
0.250033 0.250029 0.249969 0.249969
0.285737 0.285732 0.285664 0.142867
0.285754 0.285685 0.285685 0.142877
0.285754 0.285685 0.285685 0.142877
0.250001 0.250001 0.250001 0.249997
0.250048 0.249984 0.249984 0.249984
0.285714 0.285714 0.285714 0.142857
0.285714 0.285714 0.285714 0.142857
0.250001 0.250001 0.250001 0.249997
0.285756 0.285683 0.285683 0.142878
0.285756 0.285683 0.285683 0.142878
0.250032 0.250032 0.249968 0.249968
0.250048 0.249984 0.249984 0.249984
0.250048 0.249984 0.249984 0.249984
0.250032 0.250032 0.249968 0.249968
0.285767 0.285693 0.285693 0.142847
0.250032 0.250032 0.249968 0.249968
0.333336 0.333330 0.166668 0.166666
0.285763 0.285690 0.285685 0.142862
0.250046 0.249986 0.249986 0.249982
0.250049 0.249985 0.249985 0.249981
0.250032 0.250032 0.249968 0.249968
0.250048 0.249984 0.249984 0.249984
0.285741 0.285740 0.285667 0.142852
0.285736 0.285735 0.285662 0.142868
0.285763 0.285689 0.285685 0.142863
0.444425 0.222241 0.222213 0.111121
0.363632 0.363632 0.181816 0.090920
0.285761 0.285688 0.285688 0.142862
0.285714 0.285714 0.285714 0.142857
0.444489 0.222216 0.222187 0.111108
0.571408 0.142871 0.142870 0.142851
0.444439 0.222219 0.222218 0.111124
