0.800000 0.800000
0.800000 0.823684
0.800000 0.839474
0.800000 0.855263
0.800000 0.871053
0.800000 0.918421
0.800000 0.926316
0.800000 0.934211
0.800000 0.942105
0.800000 0.950000
0.807895 0.815789
0.807895 0.831579
0.807895 0.839474
0.807895 0.878947
0.807895 0.886842
0.807895 0.902632
0.807895 0.926316
0.807895 0.950000
0.815789 0.815789
0.815789 0.839474
0.815789 0.847368
0.815789 0.918421
0.815789 0.926316
0.815789 0.934211
0.823684 0.800000
0.823684 0.823684
0.823684 0.847368
0.823684 0.878947
0.823684 0.894737
0.823684 0.902632
0.823684 0.918421
0.823684 0.926316
0.823684 0.934211
0.823684 0.942105
0.823684 0.950000
0.831579 0.815789
0.831579 0.831579
0.831579 0.878947
0.831579 0.902632
0.831579 0.910526
0.839474 0.807895
0.839474 0.831579
0.839474 0.863158
0.839474 0.871053
0.839474 0.878947
0.839474 0.902632
0.839474 0.910526
0.839474 0.926316
0.839474 0.942105
0.839474 0.950000
0.847368 0.831579
0.847368 0.847368
0.847368 0.886842
0.847368 0.894737
0.847368 0.934211
0.847368 0.950000
0.855263 0.800000
0.855263 0.807895
0.855263 0.839474
0.855263 0.863158
0.855263 0.894737
0.855263 0.902632
0.855263 0.918421
0.855263 0.934211
0.855263 0.942105
0.863158 0.855263
0.863158 0.894737
0.863158 0.902632
0.863158 0.918421
0.863158 0.926316
0.863158 0.934211
0.871053 0.800000
0.871053 0.807895
0.871053 0.902632
0.871053 0.910526
0.878947 0.815789
0.878947 0.871053
0.878947 0.878947
0.878947 0.942105
0.886842 0.800000
0.886842 0.823684
0.886842 0.839474
0.886842 0.855263
0.886842 0.871053
0.886842 0.886842
0.886842 0.894737
0.886842 0.902632
0.886842 0.950000
0.894737 0.839474
0.894737 0.847368
0.894737 0.855263
0.894737 0.863158
0.894737 0.878947
0.894737 0.918421
0.894737 0.942105
0.902632 0.807895
0.902632 0.815789
0.902632 0.839474
0.902632 0.847368
0.902632 0.863158
0.902632 0.886842
0.902632 0.910526
0.902632 0.942105
0.910526 0.800000
0.910526 0.807895
0.910526 0.839474
0.910526 0.871053
0.910526 0.886842
0.910526 0.894737
0.910526 0.910526
0.910526 0.934211
0.918421 0.807895
0.918421 0.839474
0.918421 0.855263
0.918421 0.886842
0.918421 0.910526
0.926316 0.800000
0.926316 0.807895
0.926316 0.871053
0.926316 0.894737
0.926316 0.918421
0.926316 0.942105
0.934211 0.815789
0.934211 0.855263
0.934211 0.871053
0.934211 0.886842
0.934211 0.894737
0.934211 0.918421
0.942105 0.807895
0.942105 0.871053
0.942105 0.902632
0.942105 0.910526
0.942105 0.926316
0.950000 0.800000
0.950000 0.807895
0.950000 0.815789
0.950000 0.839474
0.950000 0.847368
0.950000 0.855263
0.950000 0.863158
0.950000 0.886842
0.950000 0.910526
0.950000 0.918421
0.950000 0.926316
