0000
0003
0005
0007
0009
0015
0016
0018
0019
0022
0025
0030
0031
0033
0039
0042
0045
0046
0055
0056
0057
0063
0066
0070
0072
0073
0075
0076
0077
0078
0082
0084
0090
0093
0094
0101
0104
0108
0110
0113
0114
0116
0118
0124
0126
0132
0137
0140
0141
0148
0152
0153
0158
0172
0173
0176
0180
0181
0193
0202
0209
0210
0220
0223
0225
0227
0231
0232
0233
0239
0246
0247
0248
0250
0255
0261
0262
0266
0268
0271
0274
0278
0280
0289
0294
0301
0314
0320
0321
0329
0335
0338
0342
0352
0361
0369
0373
0374
0376
0380
0381
0382
0385
0388
0391
0394
0395
0396
