0020 0001 0021 0002
0002 0023 0004 0001
0006 0004 0026 0044
0008 0006 0027 0028
0010 0008 0029 0028
0014 0035 0034 0013
0037 0035 0014 0038
0037 0038 0058 0035
0038 0037 0058 0059
0038 0059 0037 0058
0021 0023 0002 0041
0044 0004 0023 0043
0026 0044 0006 0004
0050 0029 0010 0049
0051 0032 0011 0052
0053 0034 0032 0013
0037 0035 0038 0034
0059 0038 0058 0037
0041 0062 0043 0021
0065 0044 0026 0064
0026 0047 0027 0065
0035 0054 0034 0074
0037 0035 0058 0096
0058 0037 0038 0059
0040 0061 0080 0041
0043 0062 0083 0064
0065 0067 0086 0085
0069 0071 0050 0049
0052 0071 0092 0053
0074 0053 0054 0052
0074 0095 0054 0096
0096 0097 0095 0074
0097 0058 0098 0096
0058 0098 0097 0059
0059 0099 0058 0098
0081 0102 0083 0062
0085 0083 0064 0105
0089 0091 0069 0111
0092 0074 0112 0133
0095 0074 0115 0092
0102 0121 0081 0100
0105 0103 0125 0123
0128 0107 0088 0127
0129 0089 0130 0128
0130 0111 0129 0089
0133 0112 0134 0092
0134 0115 0133 0135
0136 0117 0096 0115
0117 0138 0098 0097
0099 0138 0098 0117
0144 0125 0123 0105
0106 0125 0127 0146
0111 0130 0151 0112
0112 0133 0111 0151
0138 0117 0136 0156
0138 0159 0099 0179
0120 0160 0121 0161
0142 0161 0121 0122
0146 0165 0125 0144
0149 0128 0147 0168
0151 0133 0171 0112
0154 0133 0174 0134
0154 0135 0156 0174
0156 0178 0138 0136
0159 0178 0138 0179
0187 0166 0168 0147
0171 0192 0151 0191
0174 0154 0192 0213
0195 0174 0154 0196
0196 0156 0197 0195
0178 0197 0198 0156
0200 0160 0201 0161
0182 0201 0161 0162
0213 0192 0214 0174
0214 0174 0195 0213
0201 0182 0203 0222
0189 0208 0190 0188
0190 0230 0211 0189
0217 0198 0238 0219
0240 0200 0221 0201
0203 0243 0222 0224
0226 0224 0205 0206
0226 0207 0228 0208
0230 0228 0249 0208
0211 0251 0230 0252
0252 0212 0213 0251
0234 0213 0253 0214
0219 0259 0238 0237
0244 0226 0264 0224
0226 0267 0244 0286
0267 0226 0228 0287
0249 0228 0267 0269
0249 0230 0251 0270
0235 0275 0254 0256
0257 0259 0238 0277
0241 0260 0282 0242
0282 0242 0263 0241
0264 0286 0284 0244
0286 0267 0287 0264
0288 0267 0269 0287
0270 0272 0251 0290
0273 0254 0275 0293
0277 0298 0279 0257
0260 0300 0282 0240
0282 0302 0260 0300
0286 0284 0306 0264
0269 0290 0309 0288
0290 0272 0270 0310
0272 0293 0312 0273
0293 0295 0273 0313
0298 0277 0317 0296
0302 0300 0282 0322
0306 0304 0325 0286
0308 0306 0287 0327
0312 0310 0331 0290
0313 0315 0334 0293
0340 0300 0341 0360
0322 0341 0302 0340
0330 0328 0309 0350
0331 0333 0312 0353
0334 0336 0315 0354
0337 0339 0358 0318
0362 0341 0343 0322
0367 0348 0327 0346
0350 0348 0370 0368
0371 0350 0331 0370
0372 0353 0371 0331
0375 0354 0356 0334
0341 0362 0360 0340
0370 0389 0368 0350
0353 0372 0393 0354
0354 0375 0353 0393
0356 0377 0375 0357
0360 0340 0341 0362
0362 0360 0341 0383
0362 0383 0363 0384
0365 0384 0366 0364
0366 0365 0367 0346
0367 0368 0366 0389
0389 0368 0367 0348
0371 0392 0390 0372
0393 0375 0354 0392
0375 0393 0397 0354
0397 0377 0375 0356
