0001
0002
0003
0004
0005
0006
0007
0008
0009
0010
0011
0012
0013
0015
0016
0017
0018
0019
0020
0021
0022
0023
0024
0025
0026
0027
0028
0031
0033
0034
0035
0036
0037
0038
0039
0040
0041
0042
0046
0047
0048
0049
0050
0053
0054
0055
0057
0058
0059
0060
0061
0062
0064
0065
0066
0068
0069
0071
0072
0074
0075
0076
0077
0078
0079
0081
0082
0083
0084
0085
0086
0089
0090
0091
0092
0094
0095
0096
0097
0098
0099
0100
0101
0103
0104
0105
0106
0107
0109
0110
0112
0113
0114
0115
0116
0117
0118
0119
0121
0122
0123
0125
0126
0127
0128
0129
0130
0131
0132
0133
0136
0137
0138
0140
0142
0143
0145
0146
0147
0148
0150
0151
0153
0154
0155
0156
0157
0158
0159
0160
0161
0163
0164
0165
0166
0167
0169
0171
0172
0176
0179
0180
0181
0182
0185
0186
0187
0189
0190
0191
0193
0195
0197
0198
0199
0200
0201
0202
0204
0205
0206
0207
0208
0209
0210
0212
0213
0214
0215
0216
0217
0219
0220
0222
0223
0224
0225
0226
0227
0228
0229
0230
0231
0232
0234
0235
0236
0237
0238
0240
0241
0242
0243
0244
0245
0247
0248
0249
0250
0252
0253
0255
0258
0259
0260
0261
0262
0263
0264
0265
0267
0268
0269
0271
0273
0274
0275
0276
0277
0278
0279
0280
0281
0283
0284
0285
0286
0287
0288
0290
0292
0293
0294
0295
0297
0299
0300
0301
0302
0303
0304
0305
0306
0307
0308
0310
0311
0312
0315
0316
0317
0319
0320
0323
0325
0326
0327
0328
0329
0330
0333
0334
0335
0336
0337
0338
0339
0340
0341
0342
0344
0345
0346
0347
0348
0349
0350
0351
0352
0353
0355
0356
0357
0358
0359
0360
0361
0362
0363
0364
0365
0367
0369
0370
0371
0372
0373
0374
0375
0376
0377
0378
0379
0380
0381
0382
0383
0384
0385
0386
0388
0389
0390
0391
0392
0394
0395
0396
0397
0398
0399
0400
0401
0403
0404
0405
0406
0407
0409
0412
0413
0415
0417
0418
0419
0421
0422
0424
0425
0426
0427
0428
0429
0431
0434
0435
0437
0438
0440
0441
0442
0444
0445
0446
0447
0448
0449
0451
0452
0453
0454
0455
0456
0458
0459
0461
0462
0464
0465
0466
0467
0468
0469
0470
0473
0474
0475
0476
0477
0480
0481
0482
0483
0484
0487
0488
0489
0490
0491
0492
0493
0494
0496
0497
0498
0499
0500
0501
0502
0503
0504
0505
0508
0509
0510
0512
0513
0514
0515
0516
0517
0518
0519
0520
0522
0523
0524
0525
0526
0529
0530
0531
0534
0536
0537
0538
0539
0540
0541
0542
0545
0546
0547
0548
0549
0550
0551
0552
0553
0556
0558
0559
0560
0561
0562
0563
0566
0569
0570
0571
0573
0574
0575
0576
0577
0578
0579
0580
0581
0582
0583
0584
0585
0586
0587
0588
0589
0590
0591
0592
0593
0595
0596
0597
0599
0600
0601
0603
0604
0606
0607
0608
0609
0611
0613
0614
0615
0616
0617
0618
0619
0620
0622
0623
0624
0625
0626
0627
0628
0629
0630
0631
0632
0633
0634
0635
0636
0637
0638
0639
0640
0641
0642
0643
0645
0646
0647
0648
0649
0652
0653
0654
0655
0656
0657
0658
0659
0660
0661
0662
0663
0664
0665
0666
0667
0668
0669
0670
0671
0672
0673
0674
0675
0676
0677
0678
0681
0682
0683
0684
0686
0687
0688
0689
0690
0691
0692
0694
0696
0697
0698
0699
0700
0701
0702
0703
0704
0706
0707
0708
0709
0710
0711
0712
0713
0714
0715
0716
0717
0719
0720
0721
0722
0723
0724
0725
0726
0728
0730
0731
0732
0733
0734
0735
0736
0737
0738
0739
0740
0742
0743
0744
0745
0747
0748
0749
0750
0751
0752
0753
0754
0756
0757
0758
0760
0762
0763
0766
0767
0768
0769
0770
0771
0773
0774
0775
0776
0777
0778
0779
0780
0782
0784
0786
0788
0790
0791
0792
0793
0795
0796
0797
0799
0800
0801
0802
0803
0804
0805
0806
0808
0810
0811
0813
0814
0815
0816
0818
0819
0820
0821
0822
0823
0824
0825
0826
0827
0828
0829
0830
0832
0833
0834
0835
0836
0837
0838
0839
0841
0843
0846
0848
0849
0850
0851
0852
0853
0854
0855
0856
0858
0859
0860
0861
0863
0865
0866
0867
0868
0869
0870
0871
0872
0873
0875
0876
0877
0878
0880
0882
0883
0884
0885
0886
0887
0888
0889
0890
0891
0892
0893
0894
0895
0896
0898
0899
0901
0902
0904
0905
0906
0908
0909
0910
0913
0914
0915
0916
0917
0918
0919
0920
0921
0922
0923
0924
0925
0928
0931
0933
0934
0935
0936
0937
0938
0939
0940
0941
0943
0944
0946
0947
0948
0950
0951
0953
0954
0955
0956
0957
0959
0960
0961
0962
0963
0964
0966
0967
0968
0969
0970
0971
0972
0973
0974
0975
0976
0977
0979
0980
0981
0982
0983
0984
0985
0986
0987
0988
0989
0990
0991
0992
0993
0994
0995
0996
0997
0999
1000
1002
1003
1004
1006
1007
1008
1009
1010
1011
1012
1013
1014
1015
1016
1017
1018
1019
1020
1021
1022
1023
1024
1026
1028
1029
1030
1031
1032
1033
1035
1037
1038
1039
1040
1042
1043
1045
1046
1048
1049
1050
1051
1052
1053
1054
1056
1058
1059
1060
1061
1062
1063
1065
1066
1067
1068
1069
1070
1071
1072
1074
1075
1076
1077
1079
1081
1082
1083
1085
1086
1087
1088
1089
1091
1092
1093
1095
1096
1097
1098
1099
1101
1104
1107
1108
1109
1110
1111
1112
1113
1114
1115
1118
1119
1120
1121
1122
1124
1125
1126
1127
1129
1130
1131
1132
1133
1135
1136
1137
1138
1139
1140
1141
1142
1143
1144
1145
1146
1147
1148
1149
1150
1152
1153
1154
1155
1156
1157
1158
1159
1160
1162
1163
1164
1165
1166
1167
1168
1169
1170
1171
1172
1173
1175
1176
1179
1180
1181
1182
1183
1184
1185
1186
1187
1188
1189
1191
1193
1194
1196
1197
1198
1199
1201
1202
1203
1204
1205
1206
1207
1208
1209
1212
1213
1214
1215
1217
1218
1219
1220
1221
1223
1224
1225
1227
1232
1233
1234
1235
1236
1237
1238
1239
1240
1242
1243
1244
1245
1246
1247
1248
1249
1250
1251
1252
1253
1254
1255
1256
1257
1258
1259
1260
1262
1264
1265
1266
1267
1271
1274
1275
1276
1277
1278
1279
1280
1281
1282
1283
1284
1285
1286
1287
1288
1289
1290
1291
1293
1294
1295
1296
1297
1300
1301
1302
1303
1304
1305
1306
1308
1309
1310
1311
1312
1313
1314
1315
1317
1318
1319
1320
1323
1324
1325
1326
1327
1328
1329
1331
1332
1333
1334
1335
1337
1338
1339
1340
1341
1342
1343
1344
1346
1347
1348
1349
1350
1352
1353
1354
1355
1356
1357
1358
1363
1365
1366
1367
1368
1369
1370
1371
1372
1373
1375
1376
1378
1379
1380
1381
1382
1383
1384
1386
1387
1388
1389
1390
1391
1394
1395
1396
1397
1399
1400
1401
1402
1403
1404
1405
1406
1408
1409
1410
1414
1415
1416
1417
1418
1419
1420
1422
1423
1424
1425
1426
1427
1428
1430
1431
1432
1433
1434
1435
1436
1438
1439
1440
1441
1443
1444
1445
1446
1447
1448
1449
1450
1451
1452
1453
1454
1455
1456
1457
1458
1459
1460
1461
1462
1463
1464
1465
1466
1468
1469
1470
1471
1472
1473
1474
1476
1477
1478
1479
1480
1481
1482
1483
1484
1485
1486
1487
1489
1490
1492
1493
1494
1495
1496
1498
1499
1500
1501
1503
1504
1505
1506
1507
1508
1510
1511
1513
1514
1515
1516
1517
1518
1519
1520
1521
1522
1523
1524
1525
1526
1527
1528
1529
1530
1531
1532
1534
1535
1537
1538
1539
1540
1541
1542
1543
1544
1545
1546
1548
1549
1550
1552
1554
1555
1558
1560
1561
1563
1564
1565
1568
1570
1571
1572
1573
1574
1575
1576
1579
1580
1581
1584
1585
1587
1588
1589
1590
1591
1592
1593
1594
1595
1596
1597
1598
1599
1602
1603
1604
1605
1606
1608
1609
1610
1612
1613
1615
1616
1617
1619
1621
1622
1623
1625
1626
1627
1628
1629
1630
1631
1632
1633
1634
1635
1636
1638
1639
1640
1642
1643
1644
1645
1646
1647
1648
1649
1650
1651
1652
1653
1654
1655
1656
1657
1658
1660
1661
1662
1663
1664
1666
1667
1668
1669
1671
1672
1673
1674
1675
1676
1677
1678
1679
1680
1681
1682
1683
1684
1685
1686
1687
1688
1689
1690
1692
1693
1695
1696
1697
1698
1699
1700
1701
1702
1703
1704
1705
1707
1708
1709
1711
1712
1713
1714
1715
1716
1717
1718
1719
1720
1721
1722
1723
1724
1726
1727
1728
1729
1730
1731
1733
1734
1735
1737
1738
1742
1743
1747
1749
1750
1751
1753
1754
1755
1756
1757
1758
1759
1761
1764
1765
1766
1767
1768
1769
1771
1772
1773
1774
1775
1777
1778
1779
1781
1782
1783
1784
1785
1786
1787
1789
1790
1791
1792
1794
1795
1796
1797
1799
1802
1803
1805
1806
1807
1808
1809
1810
1811
1812
1815
1816
1819
1821
1822
1823
1824
1825
1826
1827
1828
1829
1832
1833
1834
1835
1836
1837
1838
1841
1843
1844
1845
1846
1847
1848
1849
1850
1851
1852
1853
1854
1855
1856
1857
1858
1859
1860
1862
1863
1864
1865
1866
1867
1869
1870
1871
1872
1873
1874
1875
1878
1879
1880
1881
1883
1884
1886
1887
1888
1889
1890
1891
1892
1893
1894
1895
1896
1897
1899
1900
1901
1902
1903
1905
1906
1907
1908
1909
1910
1911
1913
1914
1916
1917
1918
1919
1920
1922
1923
1924
1925
1926
1927
1928
1930
1931
1932
1933
1934
1935
1936
1937
1938
1940
1942
1943
1944
1945
1946
1947
1948
1950
1951
1952
1953
1954
1955
1956
1957
1958
1959
1961
1962
1964
1968
1969
1970
1971
1972
1973
1974
1975
1976
1977
1978
1979
1980
1981
1982
1983
1984
1985
1986
1987
1988
1989
1990
1993
1994
1995
1996
1997
1998
1999
2000
2002
2003
2004
2005
2006
2007
2008
2009
2010
2011
2013
2014
2015
2016
2017
2018
2019
2020
2021
2022
2023
2026
2027
2028
2032
2033
2034
2035
2036
2037
2038
2039
2040
2041
2042
2043
2044
2046
2047
2048
2049
2050
2051
2052
2053
2054
2055
2056
2057
2058
2059
2060
2061
2062
2063
2064
2065
2067
2068
2070
2071
2072
2073
2074
2075
2076
2077
2078
2079
2080
2081
2082
2084
2085
2086
2087
2088
2090
2091
2092
2094
2098
2099
2100
2101
2102
2103
2104
2105
2106
2107
2108
2109
2110
2115
2116
2117
2118
2119
2120
2121
2122
2125
2126
2127
2128
2129
2130
2131
2133
2134
2135
2136
2137
2138
2139
2140
2141
2142
2143
2145
2146
2147
2148
2149
2150
2152
2154
2156
2157
2158
2159
2160
2161
2162
2165
2168
2169
2170
2171
2172
2173
2177
2178
2179
2180
2181
2182
2183
2184
2185
2187
2188
2189
2191
2192
2193
2194
2195
2196
2197
2198
2199
2200
2201
2202
2203
2204
2205
2207
2208
2209
2210
2211
2212
2214
2215
2216
2217
2218
2220
2221
2222
2223
2224
2226
2227
2228
2229
2231
2232
2233
2234
2235
2237
2238
2239
2240
2241
2242
2244
2245
2246
2247
2248
2249
2250
2251
2252
2253
2255
2257
2258
2259
2260
2261
2262
2263
2264
2265
2266
2267
2269
2270
2271
2273
2274
2275
2276
2277
2278
2279
2280
2281
2282
2283
2285
2286
2287
2288
2289
2292
2293
2294
2295
2296
2298
2299
2300
2301
2302
2304
2305
2306
2308
2309
2310
2311
2312
2313
2314
2317
2318
2319
2320
2321
2322
2324
2325
2326
2327
2328
2329
2331
2333
2334
2335
2336
2337
2338
2339
2340
2341
2343
2344
2345
2346
2347
2348
2349
2350
2351
2352
2353
2354
2355
2356
2357
2359
2360
2361
2362
2363
2364
2365
2367
2368
2369
2370
2371
2373
2374
2375
2378
2379
2380
2381
2382
2383
2384
2385
2386
2387
2388
2389
2390
2391
2393
2394
2395
2396
2397
2398
2399
2400
2401
2402
2403
2405
2406
2407
2408
2409
2410
2412
2413
2415
2416
2419
2420
2421
2422
2423
2424
2426
2427
2428
2429
2430
2431
2432
2433
2434
2435
2436
2437
2438
2439
2440
2443
2444
2445
2446
2447
2448
2449
2450
2451
2452
2454
2455
2456
2457
2459
2460
2461
2462
2463
2464
2465
2466
2467
2468
2469
2470
2471
2474
2476
2478
2479
2480
2481
2483
2484
2485
2486
2487
2488
2489
2490
2491
2492
2493
2494
2495
2496
2498
2499
2500
2502
2503
2504
2506
2507
2508
2509
2510
2511
2512
2513
2514
2515
2516
2517
2518
2519
2520
2521
2522
2524
2526
2527
2530
2532
2533
2534
2535
2536
2537
2539
2540
2541
2543
2544
2545
2547
2548
2549
2550
2551
2552
2553
2554
2556
2557
2558
2559
2560
2561
2562
2563
2565
2566
2568
2569
2570
2571
2572
2573
2574
2575
2577
2578
2580
2581
2582
2583
2584
2585
2586
2587
2588
2589
2590
2591
2595
2596
2597
2598
2599
2600
2602
2604
2605
2606
2607
2608
2609
2610
2611
2612
2613
2614
2615
2616
2617
2620
2621
2622
2623
2624
2625
2626
2628
2629
2630
2632
2633
2634
2635
2637
2638
2639
2640
2641
2642
2643
2646
2647
2648
2649
2650
2651
2652
2653
2654
2655
2656
2657
2658
2660
2661
2662
2664
2665
2666
2669
2670
2671
2672
2673
2674
2675
2676
2679
2680
2682
2683
2684
2685
2686
2688
2690
2691
2692
2693
2694
2695
2696
2697
2698
2699
2701
2702
2704
2707
2708
2710
2711
2712
2713
2714
2715
2716
2717
2719
2720
2721
2722
2723
2725
2726
2727
2728
2729
2730
2731
2732
2733
2734
2735
2736
2739
2740
2741
2742
2745
2746
2747
2749
2750
2751
2753
2754
2755
2756
2757
2760
2761
2762
2763
2764
2765
2767
2768
2769
2770
2771
2772
2773
2774
2775
2777
2778
2780
2781
2782
2783
2784
2785
2787
2788
2789
2790
2791
2792
2793
2794
2795
2796
2797
2798
2799
2800
2801
2802
2803
2804
2805
2806
2807
2808
2809
2810
2812
2813
2814
2815
2816
2817
2818
2819
2820
2821
2822
2823
2824
2826
2827
2828
2829
2830
2831
2832
2833
2834
2835
2836
2837
2838
2839
2840
2841
2842
2843
2844
2845
2848
2849
2850
2852
2853
2854
2855
2856
2857
2858
2859
2860
2861
2863
2864
2865
2866
2867
2868
2869
2870
2871
2872
2874
2876
2877
2878
2879
2880
2882
2884
2885
2886
2888
2889
2891
2892
2893
2894
2896
2898
2899
2900
2902
2903
2904
2905
2906
2907
2908
2910
2911
2912
2913
2914
2915
2917
2918
2919
2920
2921
2922
2923
2924
2925
2926
2928
2931
2932
2933
2935
2936
2937
2938
2939
2940
2941
2942
2943
2944
2945
2946
2947
2948
2949
2950
2951
2952
2953
2954
2955
2956
2959
2960
2961
2962
2963
2964
2965
2966
2969
2970
2971
2972
2973
2974
2975
2976
2977
2978
2979
2980
2981
2982
2983
2984
2985
2987
2989
2990
2992
2993
2995
2997
2998
