0876 0016 0001 0072 0004 0892 0877 0948 1164 0017 0304 0880 0020 0005 0292 1180
0883 0023 0011 0006 0079 0295 0003 0899 0887 0027 0882 0022 1171 0955 0311 0095
0888 0028 0013 0300 0008 0904 0960 1176 0316 0884 0024 0301 0372 0009 0905 1248
0890 0015 0302 0086 0013 0010 0906 0031 0886 0026 0301 0374 0011 0009 0082 1194
0894 0002 0034 0019 0090 0017 0306 0022 0910 0878 0895 0003 0035 0966 1182 0893
0901 0041 0009 0021 0024 0026 0097 0885 0917 0005 0037 0973 1189 0902 0008 0081
0905 0013 0101 0028 0317 0921 0904 0906 0977 1193 0046 0333 0301 0117 0901 0041
0906 0046 0031 0026 0890 0922 0047 0015 1194 0905 0013 0086 0302 0334 0118 0902
0908 0016 0320 0033 0036 0892 0980 0909 0304 0017 0020 0105 0392 0037 0893 1180
0919 0055 0027 0039 0042 0115 0047 0931 0915 0023 0918 0026 0054 0991 0099 0127
0920 0028 0116 0040 0904 0992 0921 0316 0024 0117 0404 0333 0041 0112 0328 1004
0921 0117 0333 0046 0041 0905 0933 0993 1209 0922 0920 0028 0058 0317 0129 0345
0924 0060 0036 0336 0936 0928 0040 0064 0996 1212 0925 0348 0037 0061 0132 0053
0925 0061 0037 0053 0121 0337 0050 0913 0041 0065 0997 0924 0062 0060 0036 0038
0039 0055 0050 0339 0915 0939 0931 0062 0038 1215 0327 0035 0054 0127 0122 0338
0928 0064 0040 0053 0924 0036 0060 0041 0065 0328 0112 0136 0352 0068 0336 0125
0068 0920 0933 1004 0356 0140 0116 0928 0064 0040 0345 0129 0053 0992 1232 1016
0933 0129 0345 0058 0053 0921 0934 0068 0333 0117 0046 0357 0041 0065 0346 0417
0935 0047 0071 0058 0131 0055 0947 0923 0934 0046 1223 1007 0335 0359 0143 0119
0939 0062 0943 0055 0938 0050 1227 0339 0066 0355 0931 1215 0039 0054 1015 0127
0943 0055 0066 0355 0071 0931 0939 0054 1015 0127 0947 0062 0138 0427 0359 0143
0357 0068 0065 0933 1233 0946 0129 0058 0345 0053 0140 0142 0429 0356 0066 0137
0946 0058 0071 0142 0066 0934 0947 0346 0130 0054 0143 0359 0357 0138 0065 0935
0089 0145 0001 0072 0074 0077 1021 0948 0877 0950 0161 0017 0090 0377 0953 0146
0092 0004 0077 0364 0148 0072 0968 0956 0953 0880 1240 1024 0020 0380 0164 0948
0956 0008 0081 0972 0092 0957 1028 0884 0384 0097 0024 0960 0077 0364 0148 0004
0960 0156 0372 1248 0888 0028 0172 0388 0101 0956 0013 0300 0444 0373 0081 0008
0101 0086 0013 0373 0081 0977 1033 1249 0960 0389 0957 0097 0301 0374 0156 0372
0963 0103 0086 0159 0015 0375 0083 1251 1035 0031 0391 0959 0099 0158 0374 0447
0072 0376 0016 0160 0089 0092 0980 0948 1252 0892 0176 0392 0105 0968 0017 0161
0077 0097 0094 0092 0165 0021 0089 0953 0985 0973 0113 0081 0970 0968 0005 0037
0972 0112 0092 0097 0024 0384 0956 0988 0968 0973 1259 0081 0008 0400 0113 0040
0116 0028 0388 0101 0172 0960 0992 0977 0904 0117 0404 0156 0372 0972 0112 0316
0118 0086 0103 0101 0390 0098 0994 0119 1265 0977 1050 0906 0374 0046 0117 0158
0980 0105 0392 0176 1267 0981 1052 0908 0160 0089 0016 0376 0984 0092 0033 0320
0984 0092 0112 0396 0180 0036 0996 0968 0988 1056 0985 0380 0020 0121 0164 0980
0985 0121 0113 0181 0397 0110 0037 0105 0997 0989 0097 0125 0984 0913 0092 0021
0987 0095 0115 0110 0039 0399 0107 0971 0991 0099 0127 0094 0122 1274 1059 0915
0996 0132 0121 1008 0984 0112 0136 0997 1281 0924 0036 0204 0060 0180 0133 0396
0127 0122 0987 1003 0115 0110 1283 0399 0207 0039 0107 0126 0055 0050 0483 0339
0136 0112 0125 0412 1012 0988 0996 0132 1284 1072 0928 0064 0137 0040 0113 0400
1004 0116 0140 0200 0129 0992 1016 1287 1076 0068 0117 0404 0428 0136 0112 0201
0122 0138 0133 0062 0206 0126 1009 0938 1082 1293 0050 0121 0137 0426 0066 0207
0207 1015 0127 0122 1294 0939 1083 0138 0427 0206 0062 1003 1283 0126 1087 0943
1015 0127 0138 0427 0143 1003 0126 0943 1087 0055 1019 0131 0207 0066 0426 0355
0129 0142 0140 0213 0429 0137 1300 1016 0130 0417 0201 1013 0125 0068 0428 0357
1020 0160 0216 0072 0145 0148 1092 0232 1021 0948 1303 0161 0448 1024 0164 0504
0165 0153 0148 0077 0150 0437 0145 0169 1308 1024 0953 1026 0453 0164 1021 0161
1028 0148 0224 0153 0156 1024 0164 1311 0956 0169 0172 0225 0512 0081 0441 0228
1033 0156 0158 0153 1049 0245 0172 0101 0169 0230 0228 0517 0446 0086 0373 0444
1038 0146 0234 0161 0090 1054 1022 1039 0250 0147 0966 0074 0145 0466 0434 0106
1039 0147 0235 0451 0091 0167 1111 1038 0146 0967 0075 0107 0467 1043 0151 0234
1042 0150 0182 0167 0454 0094 0165 1026 1058 1046 0154 0186 1043 0151 0222 0970
0164 0169 0172 1028 1060 1040 0180 0148 0224 0972 1325 1045 0112 0185 0153 0156
1046 0186 0154 0171 0242 0458 0169 0098 1062 1030 1042 0150 0182 1118 0155 0258
1049 0189 0245 0101 0172 0169 1033 1065 1121 0977 1050 0156 0158 0477 0190 0117
1050 0158 0190 1066 1122 1051 0262 0159 0191 0230 1331 1049 0086 0446 0118 0189
1051 0159 0191 0103 0171 1067 1035 1050 0190 0158 1332 0447 0119 0155 0187 0391
0161 0249 0465 0105 0176 0181 1052 1054 0981 0160 0089 0193 0165 0250 0537 0248
1054 0250 0106 0466 0182 1038 1126 0234 0982 1335 0090 0161 1058 0107 0249 0467
0107 0467 1039 1127 1054 0235 0983 0091 0451 1059 0167 0250 0106 0539 0466 0395
1059 0167 0187 0182 0255 1043 1063 0171 1131 1058 0267 0987 1340 0455 0483 0095
1060 0180 0112 0185 1072 1056 0164 1132 0268 0988 1341 0169 0484 0197 0200 0172
0172 0200 0260 0116 0189 0476 1076 1136 0244 0992 1065 0201 0488 1060 0548 0477
0180 0204 0264 0193 1056 1072 1140 1069 0996 1348 0205 0132 0492 0181 0468 0176
1070 0182 0206 0198 0193 0122 1058 1082 1074 0186 1142 0207 1069 1349 0110 0181
0207 0267 0483 1083 1059 0187 1143 1070 0182 0206 0255 1350 0271 0198 0487 0127
1072 0268 0197 0484 0200 1060 0180 0204 1144 0280 0209 0112 0185 0136 0496 1076
0187 0271 0198 0127 0487 1087 1063 0207 1074 1147 0186 1003 1352 0475 0499 0115
1079 0215 0191 0202 0275 0491 0131 1067 0287 0214 0190 1007 1356 0143 0503 0119
0204 0280 0496 0209 0136 1072 1156 0268 1012 1085 0197 0484 0200 0132 0205 0492
1086 0198 0206 0138 0209 0214 1074 1082 1087 1158 1363 1085 0126 0197 0202 0207
1087 0207 0499 0215 1083 1086 0198 0271 1015 0127 0487 0206 0138 0571 0427 0214
0200 0284 0140 0500 0213 1076 1160 1365 1016 0201 0488 0285 0428 0501 0280 0209
0234 0146 0217 0222 1022 1095 0235 1371 1098 0147 0145 0434 0505 0150 0223 0510
1095 0235 0147 0223 1111 0234 1372 0523 0146 0222 0151 1039 1388 1115 1022 1306
1096 0236 0224 0148 0216 1112 1024 0164 0524 1092 0232 0225 0512 0217 0504 1040
0225 0222 0217 1101 0241 0165 1096 1098 0525 0236 0153 0224 0513 0148 0150 0437
0242 0222 0154 0514 0225 0230 1118 1098 1030 0243 1101 1379 0241 0223 0150 0510
0243 0223 0155 0515 1119 1031 0171 0242 1380 0531 1107 0222 0151 0154 0514 0230
0245 0517 0230 0228 0225 1121 1033 1382 1104 0244 1101 0241 0156 0158 0516 0153
1107 0159 0230 0519 1035 1384 0243 0158 0447 0155 0515 1122 1051 1400 1119 1383
1109 0217 0249 0161 0232 0234 0145 1386 1108 0537 0216 0248 0505 0250 0253 0160
0253 0241 0165 0236 0525 1129 0225 0181 1390 1112 0541 0222 1109 0217 0249 0169
0222 0242 0526 0234 1098 1130 1118 0258 1115 1042 0182 0150 0223 0255 0253 0510
1115 0255 0223 0243 0167 0235 1131 1119 1043 0222 0151 1111 0171 0242 0531 0526
0224 0236 0241 0244 1132 1112 0512 0225 1120 0228 0260 0164 0524 0169 0529 0172
1122 0262 0230 0534 0245 0242 1138 1050 0158 0190 1121 0550 1118 0258 0243 0241
0243 1139 1107 1122 1051 0230 0159 0191 0262 1400 0551 0519 1119 0534 0171 0242
1127 0235 0250 0539 0255 1111 1126 0234 1404 0523 1131 0267 0467 1039 1388 1115
0236 0264 0180 0253 0540 0248 1112 1140 1132 0268 1056 0164 1405 1129 0524 0265
1130 0258 0182 0255 0253 0250 1142 0242 1058 1131 0267 1129 0265 0526 1126 0234
1132 0268 0260 1144 0236 0264 1060 1409 0269 0241 0556 1136 0244 0180 0540 0253
0241 0269 0253 0185 0258 0545 1145 1129 0265 0169 0197 1132 0529 0242 0268 1137
0243 0271 0255 0258 0187 1147 1119 1131 0267 1063 0242 0171 0559 0531 1139 0275
1137 0245 0273 0189 0260 0262 1121 1065 0201 1414 1138 1136 0244 0274 0269 0241
1139 0275 0262 0191 0551 1067 1138 0274 1416 0563 0243 0271 0190 0550 0187 0258
1142 0267 0265 1154 1130 0258 1070 1143 0182 0255 0206 1419 1141 0277 0566 0253
0258 0198 0271 0558 0269 0274 1158 1142 1147 1074 0186 1145 0281 0546 0570 1150
1148 0284 0260 0200 0273 0560 0268 1160 1136 1076 1425 0285 0548 1144 0280 0201
1152 0264 0280 0204 0277 1140 1156 0268 1153 0552 0265 0281 0492 0205 1144 1141
1154 0206 0277 0566 1142 1158 1155 1082 0267 1431 1153 0265 0570 0281 0207 0494
1155 0267 0207 1143 0271 1083 1154 0571 0206 0566 1147 1142 1420 0255 1087 1158
1158 0570 0281 0286 1154 1086 0198 0271 0558 0269 1162 0274 0206 0566 0277 0209
0271 0571 0287 1147 1155 0267 1087 1158 0559 1163 0275 0207 0499 0570 0286 0215
1164 0304 0292 1180 0876 1165 0016 0305 0376 1168 0308 0001 0072 0364 0004 0293
1165 0305 0001 0293 1181 1164 0877 1166 0304 0017 0306 0377 1169 0002 0362 0005
1166 0306 0362 0002 0294 1182 1167 1165 0878 1238 0305 0378 1170 0310 0363 0003
1167 0003 0363 0295 1183 1166 0306 1239 0019 0379 1171 0311 0362 0002 0075 0294
1172 0312 0292 0008 0300 1168 0308 0884 0384 0024 1176 0316 0364 0004 0293 0009
0293 0369 0009 0301 1189 1169 0885 1172 1245 0312 0385 0317 0292 0294 0005 0008
0294 0010 0370 0302 1170 0310 1175 0886 1246 0026 0386 0295 0006 0293 0371 0011
1175 0295 0371 0011 1191 1171 0311 1247 0887 0027 1179 0319 0294 0010 0370 0583
1179 0319 0302 0015 0375 1251 0391 0031 1175 0374 0587 0371 0011 1194 1266 1191
1183 0323 0306 0379 0019 0311 1167 1199 1182 0895 0363 0003 0035 0395 1187 0295
1185 0293 0308 0310 0021 0305 1201 1169 1189 0329 1184 1186 0397 0005 0037 0292
1189 0329 0385 0312 0317 1205 1185 0293 0901 0009 0369 0401 0330 0041 0328 1193
0330 0310 0026 0386 1186 0294 0326 1191 1189 0902 0010 0370 0042 0329 1194 0334
1191 0311 0027 0319 1175 1187 0295 0327 0330 1262 0371 0011 0403 0335 0310 0023
1194 0334 0302 0319 0317 0390 0335 1265 0906 1193 0374 0046 0301 0333 0330 0391
1197 0305 0033 0320 1181 0909 1198 0377 0017 0304 0306 1201 0337 0034 0105 0394
1198 0306 0323 0034 0394 0326 1182 1199 1197 0910 0305 0378 1202 0338 0310 0395
0336 0308 0328 0396 0036 0320 1184 1212 0312 1201 0020 0337 0380 0304 0400 0040
1201 0337 0329 0326 0397 0037 1185 1205 0341 0913 1202 0336 0308 0021 0409 0338
0327 0330 0403 0335 1219 1191 1203 0311 0339 1276 0919 0027 0055 0319 0326 0039
0316 0333 0404 0328 1209 0920 1277 0028 0317 0345 0388 0312 0405 0116 0608 0040
0328 0352 0336 0412 0341 1212 0348 1284 1217 0928 0064 0400 0040 0329 0356 0337
1218 0330 0338 0341 0054 0346 1214 0326 1219 0355 1217 0042 0426 0066 0329 0334
1219 0355 0339 0055 1215 0327 1218 0330 0931 0427 0403 1223 0359 0335 0338 0054
0356 0345 1232 1287 0428 0333 0357 0404 0068 0352 0328 0417 0412 0341 0920 1277
1223 0359 0335 0346 0419 0334 1290 0935 0047 0071 0431 1219 0355 0418 0058 0623
1225 0337 0348 0061 0421 0341 1224 0336 0338 0409 0065 0352 0425 0062 0060 0133
0338 0062 1214 1227 0339 1225 1293 0938 0050 0337 0355 0066 0426 0061 0421 1218
1227 0339 0355 1215 0338 0939 1294 0427 0062 0627 1219 1214 1283 1799 0327 0943
0341 0352 0065 0425 0357 1217 1225 0337 1296 0413 0053 1233 0345 0348 0061 0421
0355 0066 0426 1218 0338 1297 0054 0341 0346 0062 0427 0065 0138 0425 0359 0357
0346 0359 0357 0946 1233 1301 0418 0345 0058 0071 0431 0634 0142 0429 0355 0426
0376 0072 0364 1252 1164 1303 0948 0304 0377 0448 1240 0380 0576 0292 1180 1319
0377 0362 1238 1165 1304 0376 0305 0089 0378 0145 0001 0072 0074 0434 0577 0437
0369 0577 0293 0364 0077 0437 1245 0385 1169 1240 0953 1242 1308 0589 0382 0453
1242 0382 0370 0294 0578 0078 0362 1257 1246 0386 1243 0383 0954 1443 1170 0310
1243 0383 0371 0295 0579 0079 0363 1258 1247 1242 0382 0955 1444 1310 1171 0591
0384 0364 0369 0580 0372 1259 1240 0380 0956 1245 1311 1445 1172 0312 0592 0385
0397 0385 0382 0453 0589 0380 0377 0369 0401 1256 1185 1257 1454 0077 0577 0364
1262 0371 0403 0383 0386 0595 0099 0459 0391 1247 1276 1258 0399 0370 0975 1191
0377 0465 0394 0105 0392 0397 1197 0981 1267 0305 0376 0378 0089 0409 0320 0466
0386 0398 0403 0114 0401 0606 0474 0330 0382 1276 1468 0098 0126 0458 0413 0385
1279 0418 0390 0334 0405 0118 1265 1280 0419 0391 1472 1346 0994 0417 0130 0346
1280 0391 0419 0119 0335 0403 1266 1290 1279 0390 0418 1347 1473 0995 0319 0131
1281 0396 0412 0336 0409 1291 1284 0400 0996 1348 1212 0132 0397 0624 0421 0492
1282 0398 0409 0338 0122 0614 1293 0426 1283 0399 1476 1214 1349 0110 0421 0494
1283 0399 0339 0615 0483 1274 1294 0427 0403 1282 0398 1215 1350 1477 0327 0603
0426 0126 0413 0418 1297 1282 0398 0427 0403 1218 1285 1002 0114 0401 0330 0138
0427 0403 0487 0619 0127 0419 1276 1283 0399 0426 1352 1219 1003 0355 0115 0631
1287 0428 0404 0417 0488 0412 1277 1004 1481 1353 0116 0140 0356 0608 0476 0429
1291 0132 0492 0624 0348 0421 1281 1295 0412 1224 1008 1485 0336 0409 0352 0628
1293 0426 0421 0494 1282 1297 1294 0614 0122 0338 0409 0427 0138 0425 0627 0625
1294 0427 0627 1283 1293 1227 0339 0483 0615 0426 0355 0499 0631 0494 0687 0207
1295 0412 0352 0136 0425 0496 0628 0428 1284 1291 1012 1489 1296 0616 0413 0484
1301 0418 0431 0429 0634 0142 0502 0426 0419 1367 1300 1495 0622 0130 0346 0490
1303 0448 0504 1319 1369 0520 1020 1304 0376 0160 0452 0216 0505 0145 0072 0364
1304 0505 0434 0145 0437 1320 1021 1303 1305 0448 0377 0161 1308 0453 0217 0504
1306 0451 0434 0147 0363 1372 1305 0523 1239 0379 1310 0455 0362 0146 0075 0639
0452 0148 0364 0636 0437 1311 0524 1024 1240 1308 0164 0648 0380 0453 1303 0448
0454 0442 0510 0437 0638 0150 0434 0458 1375 1310 0526 0455 1308 1499 1026 1242
1310 0455 0151 0639 1324 1314 0459 1376 0454 1500 1243 0167 0383 1306 0451 0515
1311 0512 0441 0640 0444 1325 0452 1028 1312 1501 0652 0384 1315 0636 0148 0437
1314 0459 0442 0515 0155 0371 0447 1328 1310 0455 1380 0531 0458 1504 1247 1031
0517 0444 0446 0373 0645 0441 1382 1033 1315 1249 0389 1312 0516 0585 0158 0156
1320 0465 0161 0448 0377 0453 1304 1386 0505 0537 1319 0145 0434 0466 0437 0469
0466 0434 0451 0378 0454 1305 1335 1387 0467 1038 1320 1254 0146 0465 0394 0362
1325 0452 0652 0384 1341 1311 0468 0512 1259 1513 0441 0473 0640 0400 1329 0444
0473 0441 0453 0529 0385 0169 0458 0653 1312 1342 0437 0469 1394 0545 0513 1325
1329 0444 0476 0388 0172 0656 1315 0516 0548 1517 0372 0477 0156 0404 1325 0716
0477 0389 0517 1331 1049 1329 0645 0373 0444 0189 0669 0446 0476 0405 0441 0473
1331 0446 0534 0658 0390 0458 1346 1332 0550 0447 1265 1519 1050 0158 0374 0646
1332 0447 0391 0659 0459 1318 1347 1400 1331 0519 0446 0551 1051 1520 1266 0159
1333 0448 0536 0176 0392 0465 0468 1319 1401 0520 1267 1052 0160 0376 1337 0452
1340 0483 0455 0475 0470 0399 0663 0467 1324 1350 0487 0459 1408 1339 0454 1274
1341 0484 0468 0473 0400 0476 1325 1337 0452 1409 0556 1275 1342 1060 0652 0412
1346 0490 0550 0190 0477 0474 1331 1355 1347 1415 0534 0491 0562 1066 1530 1279
1347 0491 0551 0191 0671 0475 1332 1356 1346 1416 0563 0490 1067 1531 1280 0391
1348 0492 0468 0484 0552 0481 0672 1337 0496 1417 0540 1532 1281 0180 0660 0684
1349 0470 0494 0483 0481 0674 1339 0474 1350 1419 0566 1534 1282 1070 0206 0182
0473 0481 0197 0484 0413 0489 1342 0493 0469 1422 0569 0545 1537 1285 0185 0496
0474 0558 0487 0198 0490 1363 1349 0494 0470 1352 0499 0546 0570 0475 1074 0186
0483 0499 0494 0207 0687 1350 0487 1294 1083 0675 0571 0427 0566 0206 0747 0686
0493 0569 0209 0425 0689 0496 0501 1358 0481 1434 1085 1363 1549 1296 0197 0484
1363 0494 0570 0499 0426 0690 0502 0487 0558 1297 1550 1086 0198 1367 0490 0566
1371 0434 0505 0510 1387 1372 1305 0523 0234 1375 0526 0146 0217 0222 0698 1388
1372 0523 1388 1306 1371 0451 1095 0235 1376 0434 0147 0510 0223 0699 1387 1111
0524 0512 0696 0504 1389 0452 1096 0708 0236 0525 1369 0520 0224 0513 0636 0437
0525 0513 0437 0510 0697 0505 1390 1378 0529 1308 0453 1375 0524 0526 0709 0441
1376 0515 0510 0223 0699 1380 0531 1310 1375 0526 0455 0711 1372 0523 0514 0703
1383 0534 0446 0519 0517 0230 0706 0514 1384 1382 1379 0447 0158 0646 0442 0515
1386 0537 0505 0520 0525 1402 1320 0465 1109 1387 0249 0217 0536 0504 1390 0541
1387 0523 0234 0526 1371 1403 1388 0466 0539 0434 1386 0505 0537 0250 0510 0451
0531 0526 0455 0711 0523 1376 1408 1396 0515 1324 0510 1115 1571 0223 0255 0699
0512 0524 0529 0712 1409 1389 0540 1325 1394 0545 0513 0224 0724 0548 0516 0452
0546 0514 0526 0531 0458 0529 0242 0534 1379 0510 1396 1327 0442 0474 0515 1394
0548 0516 0244 0716 1381 1329 0476 0444 1120 0228 0517 0728 0704 0260 0512 0172
0517 0717 0534 0245 0529 1382 1414 0477 1121 0548 0516 0550 1394 0513 0545 0716
1400 0551 0519 0534 0531 1416 1384 1332 0550 0447 1579 0731 1396 0515 0659 0459
1403 0466 0539 0537 0250 1387 1404 1335 0523 1126 1402 0234 0526 0467 0465 0249
0526 0546 0470 0541 0722 1419 0558 1408 1339 0454 1406 1130 0525 0710 0734 1403
1408 0723 0255 0539 1420 0559 0531 1340 0526 0455 0483 1131 0267 0711 0735 1404
1409 0556 0540 0724 0545 0548 1405 0524 0552 1341 0484 1132 0529 0712 0268 0560
0531 0559 0475 0546 0551 1396 1424 1408 0487 0459 0558 0271 0739 0715 0243 1416
1414 0477 0550 0548 0545 1426 0489 1137 1589 1415 0273 0534 0560 0562 0245 0717
1418 0541 0481 0265 0552 0733 1430 1406 1422 0569 0545 0469 0493 1419 1141 1417
1419 0566 0558 0734 1431 0570 0546 1420 1349 0494 0470 1142 1594 1418 0722 0541
1420 0559 0483 0267 0735 1408 1424 0571 1419 1350 0566 1143 1595 0747 0723 0255
1422 0545 0569 0737 0558 0556 0269 1434 1418 0541 0473 1145 1597 0281 0725 0570
1426 0489 0273 0562 0560 1438 1414 1354 0501 0477 1425 0548 0550 0574 0753 0285
0552 0492 1417 1433 0556 1430 1152 1604 0264 0732 0496 0280 0569 0204 0493 0684
1430 0569 0493 0745 0566 0277 1418 1434 1358 0481 1153 1431 1605 0265 0733 0552
0571 0566 0747 1420 0559 1431 0483 1155 0735 0267 0570 0499 0751 0494 0687 0207
1433 0556 0496 0280 0569 0552 0484 1156 1434 0268 0560 0492 0688 0749 0281 0500
0560 0500 0284 0752 1425 1365 0488 1160 1438 1612 0740 1433 0556 0501 0692 0285
1438 0501 0285 0753 0574 0569 1426 1366 0489 1439 0273 0560 0562 1434 0500 0213
0593 0577 0580 0369 0641 0585 0589 1445 1245 1447 0592 0385 0653 0576 0578 0441
1447 0578 0583 0370 0586 1443 0590 0595 1246 0386 0593 0579 0638 0577 0371 0762
0606 0590 0595 0593 0386 1468 1447 0578 1458 0583 0607 1515 0370 0666 0586 0591
1459 0584 0608 0388 0656 0592 1449 1470 1460 1517 0372 0585 0404 0609 0580 0316
1460 0585 0609 0389 0593 1471 1459 0405 0608 0373 0586 0669 0645 0584 0777 0388
0586 0390 0658 1472 0587 1265 1460 1519 0609 0374 0585 0646 0606 0391 0778 0659
0587 0659 0391 0595 1452 1473 0586 1520 1266 0375 0671 1458 0583 0607 0390 0779
0589 0600 0397 0661 1454 0593 1522 1463 1464 0614 0409 0588 0673 0590 0606 0401
1464 0614 0590 0606 0603 0398 1476 1468 0591 0615 1523 0382 0589 0674 0607 0666
1466 0592 0616 0600 0400 0608 1478 1463 0588 1275 0384 0412 0652 0593 1470 0396
0593 0401 0665 0606 0609 1479 0589 1466 1468 1526 0616 0413 0385 0653 0592 1471
1472 0622 0609 0606 1483 1473 0623 1279 1471 1530 0658 0390 0682 0418 1468 0671
1473 0623 0671 0607 1484 1472 0622 1280 1531 0391 0419 0659 0683 1469 0595 0619
0624 0600 0616 0672 1463 1485 1478 0628 1281 1532 0684 0625 0396 0660 0412 0792
0625 0673 0409 0614 1486 1479 0629 1476 0397 0624 0661 0600 0421 0616 0413 0793
1479 0629 0413 0616 1490 0625 1285 1478 1537 0628 0425 0401 0665 0689 0606 1482
0606 0614 0619 0622 1468 1476 0631 0607 1479 0426 0629 0666 0690 1483 0634 0615
1481 0608 0616 1493 1470 1287 1482 1540 0633 0428 0404 0692 0609 1478 0628 0800
1482 0609 0633 0681 0622 0417 1471 1481 1483 1541 0405 0429 0608 0634 0669 1479
0614 0627 0686 0625 1476 0615 1486 1546 1293 0674 0631 0426 0690 0629 0687 0806
0631 0629 0426 0690 0634 0614 1492 0619 1490 1297 1550 1495 0622 0627 0686 0625
1493 0633 0428 0692 0628 1481 1552 1489 0616 0500 0356 0429 0688 0629 1287 1540
0641 0757 0697 0636 0437 0638 0577 1510 0653 1617 0769 0709 1499 1308 0648 0453
0638 0762 0702 0442 0641 0646 1515 1499 1504 1622 0774 1447 0653 0458 0658 0698
1504 0639 0703 0763 0583 1516 1500 1563 0775 0715 1314 0459 0595 1508 0659 0638
0656 0704 0645 0584 0444 0640 1517 0716 1449 1315 1501 0652 0824 0516 0585 0372
1508 0659 0646 0447 0587 1520 1627 0658 0779 1318 1452 1504 0827 0706 0766 0519
1510 0661 0653 0709 0769 0648 0453 0589 1522 1514 0665 0641 1629 0697 0757 0721
1511 0638 0770 0710 0454 0590 1499 1523 1515 0666 1630 1570 0758 0639 0698 0663
0663 0639 0711 0771 0455 0591 1500 1524 1516 0667 1511 1631 1571 0699 0638 0723
1515 0666 0774 0458 0653 0658 1511 0638 1574 1634 1516 0702 0762 0667 0726 1514
1516 0667 0775 0715 0595 0459 0659 1504 1527 0639 0663 1515 1635 0763 0666 0703
0645 0669 0717 0777 0656 0658 0653 1529 1517 1460 1519 0585 0609 0477 0646 1514
1523 0674 0666 0663 0722 0661 0470 1511 1534 1524 1642 0675 0770 0710 0734 1522
0652 0660 0784 0724 0665 1513 1521 0672 0648 1644 0712 0796 1526 1466 1341 0616
1528 0656 0728 0669 0608 0476 1517 1540 1648 1588 0716 0740 0800 1529 1470 0488
1530 0658 0682 0730 0671 0669 0666 1519 1542 1590 1531 0659 0778 0683 1346 1529
0688 0672 0796 0484 0616 1548 1532 0684 0660 1596 0784 0724 0808 1537 1478 0628
1537 0665 0689 0673 0737 0797 0681 1549 1526 0661 1597 1657 0725 0749 1479 0629
0666 0690 0674 0738 0682 1550 1534 0686 1598 1658 1539 0750 0726 0667 1537 0474
1539 0667 0675 0739 0799 0487 0619 0683 1527 1535 0663 0687 1599 0751 0690 0666
1540 0692 0800 0740 0488 0681 1552 1528 1660 0752 0728 1541 1481 1353 0669 0500
1545 0673 0689 0745 0684 0686 0625 0493 1549 1605 0733 0793 1486 1546 1544 1358
0687 0751 0690 0631 0499 1539 0675 1550 0739 0799 1492 0619 0487 1555 0683 0686
0681 0753 0813 0501 0633 0694 0692 0689 1541 1673 1552 1366 0682 0489 1549 0873
1555 0683 0694 0815 0503 0635 1675 1615 0682 0743 1496 1368 0491 0623 0754 0875
1560 0712 0696 0820 0640 0512 0701 0704 0708 1501 1680 0652 0832 1561 0713 0716
1565 0717 0645 0825 0704 0517 0706 0701 1685 0837 1382 0716 1561 0713 0824 0646
0827 0706 0519 0703 1579 1508 1687 0659 1384 1563 0715 0646 0826 0447 0823 0702
1574 0702 0726 0710 0715 0713 1570 0698 0722 1515 0822 0666 0846 0703 1573 0514
0730 0706 0658 0534 0717 1590 1519 1698 1579 0646 0850 0826 0731 0550 1574 0702
1579 0731 0659 0715 1591 1699 1520 0827 0671 0730 0706 0851 1400 0519 0551 0703
0715 0739 0723 0726 0667 0731 1599 0735 0711 1527 1707 0835 0738 0531 0559 1591
1589 0717 0849 0669 0730 0728 0725 1529 0837 0861 0681 1414 1590 1588 0716 0740
1596 0724 0732 0556 0737 0740 1592 0720 1716 0688 0868 1597 0725 0749 0752 0728
0753 0861 0681 0740 0737 1589 1541 0849 0873 0669 1602 1426 0728 0752 0730 0754
1602 0730 0754 0682 0743 0562 0738 1590 1542 1722 1603 0694 0850 0731 0550 0574
1604 0732 0684 0745 1592 1724 1544 0672 0852 1605 0552 0733 0868 0688 0749 0804
0734 0750 0686 0866 0747 0566 0745 1594 1610 0738 1546 1726 0854 0735 0674 1605
0688 0868 0749 0752 1596 1604 0732 1548 1728 1433 1609 0556 0737 1612 0740 0684
1615 0743 0754 0875 0575 0751 1603 1555 0683 0863 1440 0563 0739 0694 0815 0503
1616 0768 0760 0816 0636 0757 1676 0828 0648 1617 0769 0820 0640 0696 0576 1632
1619 0771 0763 0758 0639 1631 0775 1500 1679 0770 0823 0762 0638 0818 0699 0579
1621 0773 0757 0641 0762 0760 1633 1617 0769 1681 0833 0653 1622 0774 1625 0777
0824 0760 1636 1684 0836 0656 1625 0777 0704 0584 0645 0825 0820 0640 1696 1517
1625 0777 0825 0645 0766 1685 0837 0778 1621 0773 0824 0585 0826 0646 0641 0760
1627 0779 0766 0827 0763 1639 1687 1508 0659 0778 0775 0646 0826 0587 0823 0762
1632 0760 0784 0768 0832 0652 0773 1644 0780 1692 1513 0640 0820 1633 1636 0828
1636 0836 0656 0777 1648 1517 1696 0824 0848 1632 0784 0760 0716 0837 0652 0832
0793 0769 0661 0780 1653 1629 1645 0797 0773 1522 1701 0853 0673 1642 0768 0770
1642 0770 1630 1654 1646 0774 1643 1702 1523 0674 0771 0830 0854 0795 0769 0793
1643 0795 0771 0663 0843 1655 1631 1647 0775 0799 1642 1524 0855 0675 0770 0667
1645 0797 0773 0665 0784 1657 1633 0793 0769 1526 1705 0653 0833 1646 1644 0774
1646 0774 0846 0666 1658 1634 1642 0770 1647 0775 0799 1645 0773 0797 0778 0726
1647 0799 0775 0667 0791 1635 1643 0795 0771 1646 1527 1707 0835 0774 0779 0663
1648 0800 0848 0784 1636 1660 1708 1528 0656 0836 0860 1649 0777 1644 0796 0728
1649 0777 0849 0669 1661 1529 0861 0681 0837 1648 0800 0778 1645 0773 0797 0609
0778 0850 0791 1662 1638 1530 0658 0779 0682 1649 0777 1646 0774 0851 0671 0730
1654 0806 0854 0795 0674 0793 1642 1666 1658 1714 1655 1534 0686 0866 1653 0799
1658 0799 0797 1646 1654 0806 0846 0690 0666 0870 1657 1662 0814 0795 0674 0854
1661 0813 0681 0861 0800 0797 1673 1649 1541 0873 0669 0849 1662 1660 0814 1657
1662 0814 0682 1674 1663 1542 1722 0791 0694 0850 0815 1661 0813 1658 0683 0863
1663 0791 0815 0683 0863 0799 1675 1662 1723 0814 0671 0875 0851 0682 0743 0623
0793 0865 0806 0804 1653 1669 0797 1545 0673 0853 1664 1666 0792 0689 0808 0745
1667 0795 0806 0687 1655 0799 1666 0855 0675 0747 0686 0866 0627 1715 1654 1535
1669 0797 0689 0808 0813 1657 0793 1549 1668 0796 1673 0865 0806 0804 0749 0629
0806 0870 0690 0814 1658 1666 1550 0799 1669 0797 1674 0686 0866 0750 0689 0694
0799 0815 1667 0795 1731 1675 0687 0806 0751 0690 0870 0631 0875 0814 1655 1719
0800 0872 0692 0813 0808 1660 1552 0860 1673 1668 0796 0752 0873 0688 0868 1540
0697 0757 0816 0818 1689 1681 0833 1617 0709 0769 1678 1676 0830 0828 0701 0820
1679 0823 0818 0699 1683 0835 1678 1619 0830 0711 0771 0703 0822 0763 0758 0639
1681 0833 0701 0820 0822 0825 1693 1561 1621 0713 0773 1682 1680 0832 1685 0837
1689 0833 0709 0769 0828 0830 1701 1693 1629 0721 0697 0757 0816 0818 0713 0773
0843 0835 0711 0830 0771 1679 1695 0823 1571 1631 0818 0699 0723 0715 0775 0770
0822 0846 0830 0774 0835 0833 1682 0818 1574 1695 1634 0762 0702 0726 0823 1693
1698 0850 0826 0778 0837 1686 1699 1638 0827 0706 0730 0851 0766 0849 0825 0846
1699 0851 0827 0779 0835 1687 1711 1639 1698 1579 0826 0731 0791 0850 1695 0823
1700 0852 0828 0720 0780 1712 1704 0832 0768 0708 0732 0792 1701 0853 0724 0784
1701 0853 0721 1689 1705 0833 1581 0769 0709 0733 0793 1702 1700 0830 0828 0854
1702 0830 0854 0846 0843 0722 1714 1642 0710 0770 0734 0855 1701 0853 0726 0723
1704 0832 0784 0724 0848 1692 1716 1700 0852 0828 1644 0712 0796 1705 0833 1708
1705 0833 0725 0846 0849 1693 1701 0853 1585 1645 0773 0713 0737 0797 1704 0832
1707 0835 0843 0846 0851 1719 1695 0855 1647 0775 0739 0715 0799 1711 0863 0723
1716 0868 0852 0796 0860 1728 1704 1712 1596 0724 0808 0784 0872 0848 0732 0792
0853 0797 0737 0861 1705 0865 1657 1597 0749 0725 1716 0846 0868 0870 0873 0849
0846 0870 0854 0738 1714 0866 1598 1658 1719 0750 0726 1722 0850 0734 0855 0853
1719 0855 0799 0739 0863 1707 1731 1715 0843 1599 0751 0846 0870 1723 0851 0875
1722 0850 0863 0861 1734 1723 1662 1602 0754 0851 0730 0875 0814 0849 0873 0870
1724 0852 0868 0804 0865 1712 1728 1604 1664 0792 0732 0853 0808 0684 0745 1716
0855 0747 0866 1715 1731 1726 1667 0854 0735 0795 0751 0870 0806 0687 1719 1714
0865 0749 0868 0870 0873 0853 1669 1609 0737 0797 1728 1733 0861 0745 0866 0689
1731 0870 0751 0875 1719 0855 0799 0739 0863 0866 0747 0750 0815 1715 1599 1723
1734 0754 0875 0814 0873 0870 1722 1674 0863 1733 0861 0815 0694 0813 0753 0750
0003 0895 0878 1167 0951 0883 0019 0002 0894 0075 0967 1183 0899 0950 1166 1239
0005 0885 0880 1169 0882 0953 0877 0021 0009 0901 0293 0006 0077 0004 0896 1185
0013 0905 0888 0890 0885 0301 0977 0904 1193 0906 1749 0009 0901 1249 1176 0960
0015 0890 0963 1179 0887 0031 0906 1751 0011 1251 0886 1175 0959 0103 0319 1767
0021 0913 0901 0898 0896 1185 0893 0037 0005 0885 0917 0020 0022 0953 0880 1169
0024 0884 0896 0901 0972 0904 0008 0040 0020 0880 0312 1172 0988 0885 0956 0917
0027 0887 0919 0899 0902 0975 1191 0011 0023 0915 0883 0026 0918 0886 0099 1175
0031 0923 0906 0047 0015 0890 0922 0319 0103 1179 0963 0995 1767 0027 0887 0919
0035 0895 0910 0983 1199 0915 0019 0034 0894 0107 0323 0967 1183 1771 0039 0899
0036 0896 0924 0913 0984 0908 0020 0040 0928 0037 1184 0996 1212 0968 0925 1772
0040 0928 0988 0917 0920 0024 0036 0924 0896 0041 0112 0328 0972 0901 0904 0984
0050 0938 0914 1214 0925 0062 0038 0054 0918 0915 0939 0122 0338 0913 1202 1786
0915 0939 0931 1215 0039 0055 0943 0919 0050 0914 0938 0339 1203 0987 1227 1787
0053 0917 0925 1217 0928 0933 0065 0041 0913 0054 0341 0125 1205 0918 1013 0989
0054 0918 0931 1002 1218 0934 0042 0066 0050 0914 0938 0055 0943 0919 0053 0126
0920 1004 0933 0928 0068 1232 0992 0921 1016 1792 1287 0116 0140 0356 0064 0040
0061 0925 1225 0936 1009 0938 0065 0060 0062 0133 0997 0924 1797 1013 1008 1224
0064 0928 0936 1012 0060 0924 0352 0065 0136 0068 1008 1224 1295 1013 1232 1016
0065 1013 0053 0061 0925 0137 0066 0064 1217 0928 0933 1225 1009 0936 0938 1296
0066 0938 0943 0946 0054 0062 0931 0138 0065 1002 1218 1802 0934 0939 1015 1297
0068 1016 1232 0140 0356 0933 1004 0064 0928 1233 1012 1792 0920 0357 0428 1287
0933 1233 0946 0068 0357 0934 1805 0065 1232 1016 1300 1013 0058 0129 0345 0053
0948 0877 0950 1021 0953 0089 0001 0145 0074 0072 0893 0966 1809 0077 1165 0876
0968 0956 0880 1240 0953 1024 0948 0092 0972 0077 0004 0148 0364 1040 0896 1256
0082 0974 0954 0959 0886 1030 0957 1246 0098 0078 0970 0083 0975 0154 0370 0081
0977 1033 0960 1249 0957 0101 0373 0013 0086 0905 1049 1821 0081 0973 0888 1250
0086 0963 1250 0890 0158 0374 1050 0977 0906 1265 1822 0082 0974 1035 1251 1033
0980 0948 0892 1252 0968 0072 0376 0016 0089 0160 0876 0908 1020 1267 0981 1052
0089 0981 0893 0966 0105 0377 0090 0161 0017 0877 0948 0909 0980 0950 0982 1021
0953 0985 0973 0968 0970 0077 0097 0957 0989 0092 0165 0021 0094 0984 0954 0913
0992 0960 0977 0904 0972 0116 0028 0101 0172 0388 0920 0888 1277 1248 0993 1834
0994 1265 1050 0906 0977 0974 0086 0118 0103 0995 0963 0101 0390 1250 0890 0993
0103 0995 0963 1051 1266 0975 0119 0994 0391 0031 1280 1251 1067 1035 0923 1837
0110 0970 0987 0985 1058 0914 0982 0122 0094 0114 1002 0974 0971 0038 0182 0398
0114 1002 0974 0991 0989 1062 0918 0994 0126 0098 0110 0970 0115 0975 1003 0113
0122 1002 1070 1282 0997 0110 0126 0987 0121 0050 0985 1293 1082 0938 0914 1009
0987 1003 1283 0127 0991 1015 0122 1294 0939 1274 0915 1059 1083 1853 0983 1002
0988 1012 0996 1284 0928 1072 1004 0112 0136 1008 0984 0125 0412 1295 1060 1275
0125 0989 1013 0997 1285 1002 0137 0113 0121 0985 1009 0413 0197 0053 0126 1012
0129 0993 1004 0933 1006 1077 0117 0417 0130 0201 0921 1016 1300 0994 1065 0992
1009 1082 1293 0938 0122 0138 1002 0062 0133 0206 0997 1282 1070 1863 1015 1013
1015 0939 1083 1294 1003 0207 1283 1864 0943 1087 0938 1293 1082 1227 0127 0122
0138 1002 1015 1297 1086 1013 0126 1003 0137 0066 0426 1074 0142 1006 1293 1009
1016 1300 1013 0129 0213 0140 0429 0142 0933 1004 1077 1006 1870 0137 1301 1233
0142 1006 1019 1301 0946 0130 0143 1007 0214 0934 1871 0138 1002 0947 1367 1300
0147 1039 1095 1022 0951 1306 0146 1111 1038 0075 0967 0151 1043 1305 1372 0950
0953 1026 1024 1308 1021 0165 0153 1045 0077 0148 0150 0437 1040 1042 1878 0145
0151 1043 1031 1026 0955 1310 0167 0155 0150 0223 1042 1115 0079 1324 0971 1880
0153 1045 1101 0957 1028 1030 1312 1033 0169 0225 0081 0441 0154 1046 0973 1049
0156 1104 0960 1033 1315 1028 0172 0228 1120 0444 1049 1329 1381 1248 0956 1311
0158 1050 1035 1033 1030 0230 0159 1051 1122 0446 0086 1331 1049 1887 0154 1046
0160 1020 1052 1108 1319 1040 0176 0232 1092 0161 0448 1021 1333 0980 1303 0948
0161 1021 1109 1038 1320 0145 0089 0160 0981 1052 1304 1022 1020 1054 1890 0165
0165 1045 1042 1040 0181 0169 1129 0164 0453 1024 0985 0953 1058 1026 1308 1056
1028 1060 1040 1325 1045 0972 0164 1024 1056 1132 0169 1311 0988 1341 0956 1897
0171 1031 1063 1043 1119 1046 0975 1328 1051 0155 0187 0167 1059 0243 1030 1062
0172 1120 1049 1329 0156 0244 1136 1104 1315 1065 1033 0960 0992 1900 1028 1060
1054 0981 1052 0161 0249 1109 0176 0465 0105 1320 1038 1905 0181 1069 1126 1402
1039 1127 1054 0983 1059 1038 1111 0107 0467 0967 1907 1043 1126 1404 1335 0982
0181 1069 1129 1056 1058 0985 0165 0193 0185 1045 0253 1141 0182 0469 0180 1040
0185 1045 1060 0989 1062 1342 1065 0169 0197 0181 1069 1145 0186 0113 0473 0973
1076 1136 0992 1065 1060 0200 0172 0260 1148 1120 0189 0116 0476 1353 1004 1049
1056 1072 1140 1348 0996 1069 0204 0180 1060 0264 1152 0193 1008 1081 0984 1337
1083 1059 1070 1143 1350 0207 1063 1087 0267 1131 1058 1155 1082 0483 0987 1340
0197 1085 1069 1145 1072 1074 1077 0209 0185 0193 1081 0269 0198 0125 1342 1060
1087 1063 1147 1074 1003 1352 1079 0187 1083 1059 0198 0271 1086 1062 0487 0127
0202 1066 1079 1150 1355 1077 1006 1074 0214 0190 0274 1067 1138 1162 0130 0201
0204 1152 1081 1008 1072 1140 0132 0205 0492 1348 1069 0996 1930 1156 1085 1012
1072 1156 1085 1012 0204 0280 1144 0136 0496 0209 1934 1076 1152 1081 1008 1433
1076 1160 1016 1365 0200 0284 1148 0500 0213 0140 1004 1353 1077 1938 1072 1366
0213 1077 1366 1085 0201 0285 0214 0501 1354 1076 0209 1438 1162 1160 1016 1300
0214 1162 1367 1086 0202 0286 0215 1079 1150 0213 0142 0502 1355 1077 1006 1074
0215 1079 1163 1368 1019 1087 0214 0287 0143 0503 1356 1007 1162 1440 1367 1086
0217 1109 1021 1092 0145 0216 0505 1108 1386 1943 1304 1022 1020 1369 1371 1096
1022 1095 1371 1098 0234 0146 1111 1038 0217 1387 1109 1944 0222 1305 1372 1021
1101 1098 1096 0225 0222 1390 1112 0217 1109 1378 1024 1308 1026 1375 1021 1092
0223 1115 1098 1376 1095 1119 0222 0151 1043 1111 1031 1380 1026 1375 1310 1372
0224 1096 1028 1101 1104 1112 0225 0512 1950 0228 1120 1024 1311 1378 1381 0236
1118 1098 1030 1101 1379 0242 0222 0154 1046 1119 0514 0225 1952 0230 1122 1026
1119 1031 1380 1107 0243 0223 1115 0155 1118 0515 1396 1953 1098 1376 1030 1379
1121 1033 1382 1104 1101 0245 1049 0228 0230 0517 1120 1122 1955 0225 1381 1383
0230 1122 1107 1383 0158 1050 1121 1956 1118 1035 1033 1384 1382 1030 1101 1379
0234 1126 1038 1111 1109 1387 0250 0235 1022 1095 1127 1054 1371 1403 1130 1098
1129 1112 1390 1109 0253 0241 1101 0165 0236 0525 1096 1098 1406 1130 1045 1394
1130 1098 1118 1115 1042 0222 0242 1058 1131 1026 0526 1375 1129 0234 1126 1046
1132 1112 1120 0224 0236 1096 1060 1028 0241 1101 1409 0244 1104 1136 1040 1389
0241 1101 1045 1394 1118 1121 0225 1129 0169 0529 0242 1132 1378 0245 1137 1112
1139 1107 1122 1051 1400 1119 1035 1067 1138 1384 1416 1973 0243 1050 1332 1118
0248 1108 1052 1401 0232 0176 0249 0536 1109 1974 1140 1112 1333 1402 1056 1129
0249 1109 1126 1402 1129 0537 0250 0248 1386 1108 1975 0253 1141 1052 1054 1401
1112 1140 1132 1056 1405 1129 0264 0236 1144 0180 1040 0540 0253 1417 1389 1141
1145 1129 1132 1137 0241 0269 0253 1141 0185 1045 0258 0545 1422 1118 1394 1144
0258 1118 1130 1062 1138 0242 1142 0186 1119 1074 1046 1147 0546 1145 1984 0262
1147 1119 1131 1063 1139 0243 0271 0255 1115 1143 0187 0258 1118 1396 1424 1985
1158 1142 1074 1147 1145 1150 0258 1154 1130 0271 0198 1086 1062 0558 0269 1996
0273 1137 1077 1426 1150 1148 1145 0285 0201 1065 0274 1438 1414 1162 1136 1160
0275 1139 1163 1079 1150 1428 1147 0287 0274 1138 1162 1067 0563 1440 1416 0271
0281 1145 1153 1085 1156 1434 1158 0269 0277 1141 0209 0280 0569 1422 1144 2007
1147 1155 1087 1158 1163 0271 1143 0571 1424 2009 0287 1154 1083 1086 1162 1440
0285 1438 1162 1160 0273 0213 1077 0284 0286 1426 1148 1150 2011 0281 1145 1366
1189 1169 1172 0885 1245 1761 0293 1185 0369 0009 0901 0301 1193 1749 1170 1168
1170 1175 1246 0886 0294 1186 1742 1191 1747 0370 0010 1189 0902 0302 1194 1750
0301 1193 1749 1249 1176 0317 0302 0300 0013 0373 0905 1194 1750 1821 1189 0888
0302 1194 1750 1179 0890 1250 1751 0301 0374 1193 0906 1265 1749 1822 1251 1249
0312 1172 1184 1189 1259 0328 0308 1168 0024 0384 0884 1205 1275 1761 0316 1176
1186 1191 1189 0902 1194 0330 0310 1170 1202 1758 1175 0026 0386 0886 0918 1246
0316 1176 1764 0904 1193 0300 0028 0388 0317 0888 0920 1277 1248 1209 1834 0312
0319 1179 1767 1194 1266 1191 0335 1751 0391 0031 1280 1251 0923 1837 1175 0906
0320 1180 1768 1267 1197 0908 0304 0392 1181 1252 0892 1769 1838 1212 1184 1772
1184 1212 1772 1201 0308 0336 0328 0036 0396 0896 0924 1281 1185 1256 1773 0320
0328 1205 1275 0312 1212 1184 1772 0040 0400 0329 1189 0928 1259 1284 1217 1845
0330 1218 1202 0918 1205 1790 0326 1186 1214 1774 1191 1219 0329 0042 0902 1217
1219 1191 1203 1276 0919 1791 0327 1215 1187 0330 1218 0403 1262 0931 0335 1223
1209 1277 0920 0316 1764 1792 0333 0404 1193 0904 1287 1781 0328 0992 1470 0921
0334 1194 1782 1279 1209 0922 0346 1794 0335 1223 0046 0333 0906 1265 0934 1193
0335 1223 0923 1280 0319 1767 1795 0334 1194 1782 0047 0935 1266 1290 1850 1219
0337 1225 1201 1785 1217 0925 1212 1214 1773 1797 0341 1205 1789 0409 0336 0338
1212 1284 1217 0928 0352 0328 0336 1224 0412 0341 1295 1205 1275 1789 1854 1232
1232 1792 1287 0356 0345 1209 1233 0920 1277 1857 0933 1004 1481 0928 1217 1284
0345 1209 1233 0933 1217 0333 0357 1805 1781 0417 0346 1232 1300 0921 1792 1858
0346 1794 1223 0934 1218 0334 1782 1806 1795 0058 0418 0345 0922 1301 1279 0946
1214 1227 1225 1293 0938 0338 1786 1218 1802 1215 1799 0062 1282 1797 1863 1297
0352 1224 1295 1232 0348 1212 1796 0064 1217 0928 1284 1865 0356 1225 0936 1291
1217 1225 1296 1233 0341 1789 1797 0425 0065 0352 1285 1218 1802 1866 0357 1805
1218 1802 1297 1790 1214 0355 1219 1803 0066 0426 1217 1806 1227 1293 0938 1225
0355 1219 1803 1227 0943 1791 1215 1799 1218 1802 0427 0931 0359 1223 1807 1294
1806 0946 1233 1301 0346 1794 0359 1223 1807 0357 0934 1871 1805 1218 1802 0947
0359 1223 1807 0947 1795 1806 0071 0431 0935 1290 0355 1219 1803 1301 0946 1496
1252 1303 1164 0948 1240 0376 1824 0072 1180 1319 1809 0364 1256 1812 1165 0876
1809 1165 1238 1304 0377 1825 0362 1320 1254 1252 1181 1874 1810 1737 0877 0948
1245 0953 1240 1308 1242 1169 0369 0293 0437 0364 0577 0077 1185 1257 1454 1256
1259 1816 1240 1311 1172 0956 1245 1445 1248 0384 0364 1256 1812 0580 0369 1325
0377 1825 1181 1252 1254 1320 1809 0376 0089 0305 0378 1165 1267 1238 1197 0981
0379 1239 1827 1254 0967 1183 1258 0363 0395 1811 1841 0378 1238 1826 0451 0091
0385 1245 1189 0973 1259 0369 0401 0593 0384 0097 0386 0957 1246 1275 0989 1205
0386 1246 1257 1262 0974 1327 1265 0370 0382 1242 1829 1247 1276 1833 0098 0458
0388 1277 1248 1834 1459 1329 1259 0404 0372 0316 0389 1249 0960 1176 1449 0992
0389 1249 0977 1265 1460 1193 0405 0373 1821 1848 0388 0317 0390 0101 0993 1209
1267 0981 1197 0377 1825 0394 0392 0465 0105 1181 1252 1254 1320 1905 1769 1838
0394 1254 1198 0982 1335 0378 1826 0395 1841 0106 0466 1182 0966 1906 0398 1257
0395 1841 0983 1199 1274 0379 1827 0394 1254 0107 0323 0467 1183 0967 1907 1771
0396 1281 1256 1275 1463 1337 0984 1267 0380 1828 1851 0400 1284 1259 1845 0397
0397 1843 0985 1201 0409 1852 0401 1285 0396 0469 0398 0997 1256 1281 1185 1282
0398 1257 1282 1274 1464 1339 1202 0382 1829 0399 1258 1283 1844 0326 0110 0397
0405 1848 1277 1279 0993 1471 1209 0417 0389 1858 0333 0117 0609 0404 0477 0977
1276 1856 1283 1003 1219 1352 1290 0427 0403 1294 1274 1853 1297 0619 0487 0127
0417 1300 1858 1482 1354 1287 1285 0429 0405 1848 1870 0345 0129 0489 0418 0993
0418 1301 1279 1859 1290 1483 1006 1355 1849 1871 0419 1280 0346 0622 0417 0490
0421 1862 1296 1486 1291 1358 1225 1293 1009 0409 1852 0425 1285 1866 0625 0133
0427 1294 1297 1492 1015 1856 1283 1864 0426 0631 0355 0499 1003 1352 1219 1803
0428 1287 1869 1365 1300 1232 1493 1016 1295 1857 0140 0500 0429 0356 1004 1353
0431 1290 1301 1019 1496 1368 0419 1871 0635 0359 0503 0143 1007 1356 1223 1484
1311 1308 1024 1240 1303 0452 1893 1325 1881 1389 1946 0636 0364 0437 0148 1256
1879 1310 1375 1026 1499 1308 1242 1305 0454 1895 0442 1327 0510 1324 1948 1880
0442 1327 1314 1379 1246 1030 1312 0458 1879 0514 1328 1952 1884 0370 0154 0441
1886 1382 1315 1033 1249 1312 1901 0517 1955 0373 0444 0446 0645 1331 1049 1329
0446 1331 1887 1383 1318 1250 1902 0447 1332 1888 1956 0158 0646 0374 1519 1050
1335 1305 1387 1038 1254 1320 0466 0434 1875 1906 0451 1306 1371 1403 1892 0378
0451 1306 1892 1388 1039 1324 0467 1907 0523 1305 1372 1404 1335 1961 0379 1239
0452 1337 1893 1325 1389 1040 1256 1319 0468 1908 1311 1341 1897 0524 1405 1962
1342 1312 1394 1327 1325 1514 1045 0441 0473 1913 0453 1308 1894 0529 1378 0385
1901 1331 1329 1049 0477 1917 1886 1382 1414 1971 0389 1249 1315 1346 1033 1065
0465 1320 1905 1402 1333 1335 1890 0537 1386 1975 0466 1319 1906 0469 1401 1403
0467 1907 1404 1335 1340 0451 1892 0466 0539 1388 1977 1906 0395 1039 1841 1350
0469 1342 1406 1337 1339 1522 0453 0481 1894 0473 1913 0541 1390 1418 1979 0397
0475 1328 1352 1340 1527 1276 1063 1347 0459 0487 1899 1925 1350 1324 0474 1327
0476 1353 1329 1916 1277 1528 1341 0488 1900 1926 0548 1425 1986 0477 0404 1287
0477 1354 1917 1414 1065 1529 1346 1342 0489 1901 1426 1987 0189 0669 0476 0405
0484 1341 1923 1348 1072 1284 1353 0496 1934 1337 0556 1433 1409 1994 0412 1275
0492 1348 1930 1291 1358 1544 0496 1934 1417 0684 0204 0493 1532 1281 1931 2118
0494 1349 1932 1363 1431 1293 1358 1082 1546 0566 1350 1419 1933 2004 0206 0493
1350 1933 1083 1294 0483 1922 0499 1352 1937 0494 1420 1349 1932 2005 0207 0687
0496 1934 1433 1295 1548 1365 0484 1923 0492 1348 1930 2006 0688 1072 1284 2122
1935 1358 1434 1296 1363 1085 1549 1366 0493 1931 0569 1422 2007 0496 0689 0209
0499 1352 1937 1363 1087 1368 0487 1925 1350 1933 0571 1424 2009 0427 1539 2125
0505 1386 1943 1304 1369 1371 1959 1320 1874 0217 0504 1109 1387 1944 1942 1390
1389 1946 1096 1369 0524 1962 0512 1950 0696 1390 1112 1568 0504 1942 1311 1378
1390 1378 1308 1375 0525 0513 1394 1951 0437 1878 0510 0697 1389 1946 2131 1948
0512 1950 1311 1560 1378 1381 1389 1946 1325 1881 0513 0224 1394 2134 1951 0516
0520 1369 1401 1958 1319 1108 1386 1389 0504 0536 1942 1974 0448 1333 1303 1889
0526 1375 1570 1390 1387 0510 1948 1980 1379 1968 0454 1376 1408 1339 1895 0710
1376 1408 1396 1324 1571 1115 1388 1981 0531 1380 1969 0526 0455 1310 1375 1340
1409 1389 1325 1394 0512 1982 1950 0524 1405 1962 1311 1341 1897 0529 0712 1560
1379 1968 1396 1327 1118 1574 1394 0514 0546 1984 1952 0526 1375 0531 0458 1380
1381 1970 1329 1120 0548 0516 1986 1315 1900 0716 0244 1382 1104 1414 1588 1136
1414 1382 1971 1121 1394 0517 1955 1987 1901 0717 0245 0534 1381 1383 1565 1137
0534 1415 1383 1972 1400 1331 1122 0550 1956 1988 1384 1346 1416 1973 1902 1382
1419 1980 1339 1408 1130 1406 1403 0526 0546 1984 0470 1420 1349 1910 1981 0722
0545 1394 1422 1406 1342 1585 1409 1414 0529 1995 0541 1418 1390 1979 0473 1913
0546 1984 1415 0558 1968 1996 1419 1980 0474 1327 1396 1424 1914 1985 0258 0726
1396 1424 1985 1408 1416 0531 0559 1969 1997 1420 1981 0475 0546 1328 1352 1984
0548 1425 1986 1136 1414 1588 1409 0560 1970 1998 0476 1353 1329 1916 0260 0728
0556 1409 1433 1994 1417 1144 1422 1596 1425 1982 2006 0552 1405 1990 0484 1341
0558 1996 1419 1424 1598 1422 0570 0546 1984 1431 0559 1363 1997 1924 0738 1610
0562 1415 1439 2000 1355 1428 1602 1150 1426 0574 0550 1988 0563 0490 1440 1367
1417 1433 1430 1604 1152 0552 1990 2006 0492 1348 1930 1418 1140 1592 2003 1156
1420 2005 1431 1155 0571 1424 2009 0566 1350 1419 1933 2004 0747 1143 1595 2181
0570 1431 1363 1434 1158 1610 1439 0558 1996 0566 1419 2004 0571 1424 2009 0750
0571 1424 2009 1440 0559 1997 1420 2005 0499 0570 1352 1937 0751 1147 1599 2185
1425 2010 1365 1160 1612 1438 1433 0560 1998 0500 1353 1938 0284 0752 1148 1426
0577 1454 2015 1441 1443 0589 2027 2019 0576 0578 1510 2073 2014 2016 1445 1447
2019 1447 1445 1245 0593 0577 1454 2015 0369 0641 0580 1514 2077 0585 1460 1441
0583 1458 2021 1444 1447 1247 1504 1452 0595 0579 1456 2017 0371 1516 1262 1819
0585 1460 1249 1449 2034 0645 0373 0586 0584 1459 1821 2022 2081 2019 1625 1250
0586 1452 1250 1447 2035 0587 0646 0585 0374 1265 1460 1519 2082 1822 1251 1508
0588 1441 1463 2026 1454 1256 0576 0600 2014 2037 0592 1445 1466 0589 0648 0380
0590 1464 1443 2028 1456 1454 1257 1511 0578 2039 2016 1447 1468 0591 1444 0382
0592 1466 1445 1259 1513 1459 0580 2041 0588 1463 1441 2026 0384 0652 0593 1501
1472 2035 1265 1460 1519 0586 2047 1473 1452 2036 0390 0658 1471 1530 1250 1279
1473 1452 2036 1520 1266 1458 0587 2048 1472 2035 0391 0659 1531 1251 1508 1280
0603 1456 1477 1469 1464 1524 1274 0591 0615 2052 0607 1458 1476 2039 0399 0663
1479 2042 1466 1468 1526 1471 0593 2054 1454 2038 0401 0606 0665 1478 1514 1285
1463 1485 2049 1478 1532 1281 0624 0600 2037 2060 0616 1466 1489 2053 0672 1544
1486 2050 1479 1476 0625 2038 2061 1490 2054 0409 0614 0673 1485 1464 1463 1545
0619 1492 1469 2055 1477 1539 1484 0631 0607 0615 2052 1468 1527 1276 1856 0623
1476 2062 1546 1293 1486 0614 2051 0627 1477 0625 0686 1282 1534 2061 1863 1492
0627 1477 1492 1294 0615 2052 0631 1476 2062 0687 1283 1535 2121 1864 1293 1667
1492 1297 1490 1550 1495 1476 2062 0631 0426 0629 0690 1479 2065 0634 1483 2070
0633 1482 1495 1493 1300 1490 0634 0429 1541 1483 1481 1870 2070 2068 0629 1479
0636 2072 1501 1616 1441 0648 0640 1513 2076 0696 1568 0576 1510 2014 2073 1560
1510 2073 1617 1499 1308 2085 0641 1514 2077 0697 0757 1629 2191 2131 0638 0636
0641 1514 2077 1561 1621 1312 1501 0653 1510 2073 0701 1573 1633 2135 0640 0441
1515 1499 1622 1504 1447 0638 1511 2074 0762 0702 1574 1516 1634 2196 2079 0641
1517 2080 1315 1449 1501 0656 0704 1636 2198 0584 0645 0444 1329 1459 2022 2081
0645 2081 1625 1565 2139 2199 0646 0585 1519 1517 1460 2080 1886 2082 0641 1514
0646 1519 2082 1508 0658 2094 0766 0706 1520 1638 2200 0446 0645 0586 1331 2081
0648 1521 1513 1568 1510 0636 0660 2072 0652 1501 2088 0708 0768 1616 2202 2142
1500 1524 1516 1511 1571 1631 1456 1324 0639 0663 2075 1527 1504 2091 0711 0771
1529 1460 1517 1519 1514 0645 0669 2081 2103 0717 0777 1625 1649 1565 1589 2211
1513 1521 1644 1466 1341 1526 1528 0652 2110 2088 0660 1532 0784 0724 1596 1632
0673 1522 1545 2107 1537 1653 1534 1532 0661 2119 1526 1549 0733 0793 1605 1581
1548 2110 1532 1596 1537 1478 1540 0688 2122 0672 1521 1544 2106 0796 1644 1668
1550 1534 1598 1539 1658 1537 1542 0666 0690 0674 1546 1523 2108 0738 1610 1527
0683 1531 1555 2117 1603 1542 1663 1484 1356 1539 0671 2105 2129 0743 0682 1615
0687 1535 2121 1667 1546 0675 2109 1539 2125 0747 0686 1534 1655 1595 2181 0627
1539 2125 1550 1492 1555 0687 1535 2121 0690 0751 1599 2245 2185 0631 0499 1352
1541 1673 1366 1552 1549 0681 2115 0813 0753 1661 2187 2247 0692 0694 0633 0501
0694 1542 2128 1674 1555 1367 1495 1550 0682 2116 0814 0754 1662 1602 2129 2248
0696 1568 1560 1676 0708 2142 2134 0636 0816 2250 2072 0697 1389 1946 2131 1501
0697 2131 1561 1558 0709 2143 0701 1573 2135 1689 1510 2073 2251 0696 0698 1390
0699 1571 2133 1563 1679 1558 1500 1376 0711 2145 0703 2137 0639 0698 1570 2253
0702 1574 1558 1563 1682 1379 1561 2148 0698 1570 0703 0822 1515 2137 0514 0701
0704 1684 1381 1565 1560 0716 2150 0824 1696 1517 2258 2080 0516 2139 2134 1685
0706 1686 1383 1565 2152 0646 0826 1698 1519 1579 2141 2082 2260 2139 1956 0702
1579 2141 1687 1508 1384 1563 0827 0706 1520 1699 2261 0519 1400 1957 0703 2137
0709 1581 2143 1573 1510 1689 1568 1390 1570 0697 0721 2131 0713 1585 1561 1701
0712 1560 2146 1568 1513 1692 1573 0724 2158 2134 0708 2142 0652 0832 1680 1501
0715 1563 2149 1571 1516 1695 1574 1396 1579 0703 2161 2137 0711 2145 0835 1683
0716 1588 2150 1696 1517 0728 0704 0836 0656 1708 1684 1528 0717 1381 1589 1565
0717 1565 1589 1573 2139 0837 1529 1685 2271 0716 1414 1382 1590 1588 1971 2150
1590 2152 1519 1579 1698 1574 0730 0706 0658 1591 1686 1530 2094 0534 0717 1383
0720 1568 1592 2154 1700 1521 1405 1581 0732 0708 2142 0724 1596 2158 0660 1712
0722 1594 1570 2156 1702 1523 1581 0734 0710 2168 0726 1574 1598 2160 0723 1571
0723 1571 1595 1524 1408 0711 0735 2169 2145 1599 2161 0663 0722 0843 1570 1594
0724 1596 2158 1704 1409 1585 1588 0712 2146 2170 0720 1568 1592 2154 1692 1513
0726 1598 1574 2160 1585 1590 0738 2148 2172 0722 1570 1594 2156 0846 0666 1599
1599 2161 1707 1527 1591 0715 0739 2149 2173 0723 1571 1595 0667 0726 1695 1516
0733 1605 1581 1597 1594 1592 1418 0721 0745 0737 1609 1585 2171 0673 0853 1522
0740 1588 1612 1540 1425 1596 0752 0728 0860 1708 1552 1528 2294 0560 1589 1998
1589 1541 1602 1426 1597 0753 2187 0861 0681 1529 1733 2295 2115 0740 1414 1612
1594 2180 1610 1726 1546 1431 1605 0734 2168 0750 1598 2184 0686 0866 0747 1534
0747 1595 2181 0735 2169 0751 1599 2185 0687 1715 1594 1535 2121 2301 2180 1420
1596 2182 1604 1728 1548 1433 1609 1612 2170 1592 0868 0688 1716 2302 2122 0749
0751 1599 2185 1731 1610 1615 0739 2173 0747 1595 2181 0750 1719 1539 1598 2184
0753 2187 1733 1438 1612 1609 0873 1541 0752 0754 1426 1602 2188 2011 0749 1597
0754 1602 2188 1615 1734 1439 1610 0694 1603 1542 1722 2128 2189 0574 0753 2187
0758 1630 2192 1622 1678 1499 1619 1617 0770 2204 0762 1634 2196 0818 0638 1511
0760 1632 1616 1501 1680 1621 0820 0640 1513 1692 2076 1633 1636 2198 1676 1617
0763 1635 2197 1619 1683 1622 1504 1627 0775 1631 2193 0762 0823 1516 1695 1634
1636 2198 1684 1625 0824 1696 1517 2080 2258 2199 0760 1632 1685 1449 1501 1680
0766 1638 2200 1686 1627 1625 1622 0778 2212 0826 0646 1698 1639 1519 2201 2082
0768 1616 2202 1632 1629 0780 2214 1644 0648 0828 1521 1700 1676 2262 0769 1617
0777 1625 1649 2211 1638 1636 1633 2199 2223 0837 1685 1529 2271 0778 1648 2212
0780 1652 2214 1644 1700 1521 0768 0792 2202 2226 0784 1632 2218 0660 1712 1532
1629 1653 2215 1645 1522 1701 1642 0793 0769 2227 2203 1657 1633 0661 1689 1510
1662 1638 2224 1530 1649 1646 0778 2212 0791 0850 1698 1639 1542 1519 1663 1722
0791 1663 1639 1711 1531 1647 0779 2237 0671 0851 1520 1699 1662 1638 1723 2224
0796 1668 1644 1652 1716 1657 1660 0808 0784 2218 2242 0792 1664 2226 1548 1704
0799 1647 1655 1658 1539 1719 1663 2245 2221 0795 1667 1643 2229 1707 1731 1527
1653 2239 1669 1545 1664 1666 0793 2227 1657 0865 2119 2299 0806 0804 1652 1654
1658 2244 1666 1550 1669 1674 2232 0806 1654 2240 0870 0690 2245 2304 1657 0814
2245 1667 1731 1675 0799 1655 1719 1539 1658 2244 2305 2125 0815 1663 1666 1550
1660 1552 1673 1668 0800 0872 0692 1540 2126 2306 0813 1661 2247 0808 2242 1612
1689 2251 1681 1617 1678 1676 2263 1693 2255 0697 0757 1629 2191 2131 0818 0816
0828 1700 1676 2262 1692 1568 1689 0816 2250 0832 1704 1680 0708 0768 1616 2142
0830 1678 1702 2264 1630 1570 1689 0818 2252 2276 1682 0770 0710 1679 1558 1642
1679 2265 1695 1571 1631 0843 2253 2277 0835 1707 1683 2269 0711 0771 0830 1702
1682 1574 1634 1695 1693 1698 0822 0846 0830 1678 1702 2264 0774 0835 1683 1622
0837 1685 2271 1696 1698 1693 0825 0849 2259 2283 0717 0777 1589 1625 1649 1565
0843 1715 2277 1707 1643 1702 0855 2289 2265 1719 1695 2281 0723 1631 1714 1571
0846 1702 1707 1646 1705 1714 2276 0726 1574 1719 1634 1695 1658 1598 2281 2220
0849 2283 1589 1649 1708 1705 0861 0837 2271 2295 1661 2223 0848 0850 1698 1696
0850 1722 1698 1711 1590 2296 0851 0730 1662 1699 1723 1602 1638 2224 2285 0849
0853 1701 1653 1712 1714 0865 2299 1705 0733 0793 1581 1605 2227 0852 0854 1700
1705 1657 1597 1716 2279 0853 1701 0797 0737 1609 1585 1669 1645 2171 2231 1728
1714 1598 1719 1658 1722 0870 0846 2304 0854 1726 1702 2288 0738 1610 1731 1707
0860 1708 2294 1660 1716 0872 0848 2306 0800 0740 1612 1648 1588 0861 1733 2295
0861 1733 2295 1661 1722 0849 0873 2283 1649 1589 1673 2235 0860 1734 1708 2294
0865 2299 1605 1724 1726 0853 0745 1653 2239 0866 1712 1714 2298 2300 1669 1609
1715 2301 1731 1667 1726 0855 2289 1719 2305 0747 0866 1655 1595 1714 2181 2300
1669 1609 1728 1733 0865 2299 0749 1657 1597 0868 0870 1716 2304 2302 0873 1605
0870 2304 1726 1610 1731 1734 0866 1714 2300 0750 1719 1658 1598 2184 2305 2244
0872 2306 1612 1733 1728 0860 2294 0752 1660 0873 0868 1716 2302 1552 1673 1668
0875 1723 2309 1675 1615 1734 1731 0863 0815 1603 1722 1663 2189 1719 2305 1674
1164 1737 1180 1753 1824 0876 1165 1168 1809 1812 2311 1252 0892 1181 2314 1184
1754 1166 1737 1810 1742 2312 1182 1755 1167 1826 1753 1238 1165 0878 1758 1170
1755 1167 1811 2313 1183 1754 1166 1827 1239 1759 1171 1810 1742 2312 1182 2369
1168 1812 2314 1184 1172 1757 1828 1240 0880 1169 1164 1816 2014 1737 2318 1185
1757 1169 1742 1737 1185 1761 1758 1168 1170 1753 1165 1812 2015 1809 1189 2371
1759 1171 1747 1742 2317 1187 1175 1758 1170 0883 1243 1755 1167 1819 2017 1811
1172 1816 2318 1168 1761 0884 1764 1176 1812 1749 2314 1184 1259 1189 2322 1757
1761 1749 1189 1757 1169 1245 0885 1172 1742 2019 1816 1821 1750 1185 2318 2320
1742 1747 1750 2320 1758 1170 1175 1761 0886 1246 1819 1751 1749 1822 1186 2321
1764 1176 1749 2322 1834 1248 0888 1172 1821 2022 1816 0904 1193 2318 0300 2033
1768 1180 1824 1753 2326 1164 1838 1737 1769 2311 1181 1252 0892 2314 1772 1184
2314 1772 1184 1828 1757 1168 2318 1812 1773 1185 0896 1256 1768 1180 1761 2026
2318 1761 1764 1172 2314 1772 1184 1845 1816 1259 1189 2322 1828 1757 1834 1168
2320 1758 1761 2336 1774 1742 1186 1747 2321 1191 1189 0902 2324 1750 1782 1194
1747 2321 1191 1759 1833 1767 1175 2317 1187 2320 1819 1262 1751 1758 1837 1171
1781 1749 1193 1764 1761 2339 1209 2322 1848 1821 1750 2324 1782 1194 0905 1189
1782 2324 1750 1194 1767 1836 2340 1751 1749 2379 1822 1781 1849 1193 1265 0906
1754 2328 1198 1771 1769 1774 2312 1182 1755 2329 1199 1826 1753 2327 1197 0910
1787 1759 1203 1774 1844 1771 2345 2317 1215 1187 1791 1758 1786 1202 2388 1853
1772 1845 2346 2318 1854 2389 1789 2335 1761 1205 1275 1764 1792 1773 2041 1781
1789 2335 1761 1205 1773 1781 1217 1189 1785 2331 1757 1201 1790 2336 1855 0917
1790 2336 1774 1782 2348 2320 1218 1758 1786 1202 1791 1761 2335 1789 1205 0918
1791 2321 2349 1191 1219 1759 1787 1203 2336 1790 2391 1833 1856 0919 1276 2341
1792 1764 1781 2322 1834 1857 2339 1209 0920 1277 1848 1845 2351 1193 0904 1287
1767 2341 1795 1782 1850 1223 2340 1794 2395 1837 0923 1280 1791 1849 2048 2324
1772 1796 1212 1851 1785 2354 1224 2346 2396 2343 1797 1773 0924 1281 1768 1789
2346 1789 1854 1792 1796 1772 1212 1845 1865 1217 0928 1284 1851 1785 2053 1855
1781 1805 2351 1792 1858 1794 1789 2339 2363 1233 1209 2405 1870 2352 1806 1848
1786 1802 1799 1797 1863 1214 1790 1787 2357 1227 2410 1785 2355 1293 0938 1225
1796 1865 2346 2354 1224 1854 2412 1789 1295 1792 2362 1232 1797 1866 1805 1869
1789 1797 1802 1866 1805 1217 1785 2355 1225 1855 2413 1790 1296 2363 1233 1862
1792 2362 1232 1869 1805 1857 2363 2416 1233 1870 2068 1865 2351 1287 2346 0356
1824 1809 1812 1252 1825 1889 1164 0948 1303 1828 1240 1874 1737 2014 1319 1180
2015 1812 1878 1809 2371 1245 2027 1757 1829 1894 1828 0953 1240 1242 1308 1169
1829 1242 2016 1742 1879 1810 1257 1246 1243 1758 2028 1895 0954 1443 1170 1826
1243 1819 2017 1880 1811 1258 1833 1247 1829 1242 1759 1896 1171 1310 1444 0955
1245 2019 1816 1821 2374 1761 1246 0957 1312 1249 2015 1812 1878 2077 1881 1749
1246 1819 1822 1829 1242 1833 1247 1447 1245 1836 1250 1742 1879 2016 1747 1884
1834 1248 2022 1821 1816 1764 1900 2033 1249 0960 1176 1315 1449 1749 2080 1886
1844 1258 1833 1829 1759 1896 1827 2388 1243 1274 1819 1262 1257 2317 1880 2017
1845 1816 1259 1828 1897 1834 2389 1275 1812 1256 2318 2374 2426 1881 2041 2530
1829 1833 1836 1246 1257 1819 1262 2320 2532 2374 1914 2043 1327 0974 1849 1822
1848 1821 1901 1834 2034 1836 2393 1249 1749 1822 1781 2379 1886 1849 1917 2046
1825 2382 1769 1838 1905 1843 1824 2327 1826 1753 2381 2434 1890 0981 1197 1267
1826 1841 1906 2368 1254 1827 2384 1754 2328 1825 2435 2382 0982 1335 1198 2387
1828 1851 2385 1845 2037 1772 1843 1908 1838 2396 1256 1281 2389 1854 1275 1852
1856 1833 2391 1276 1844 1850 2403 1262 1853 2388 1274 1791 2055 1899 1925 2544
1857 1834 1277 1916 1848 1845 1287 2393 2056 1764 1858 1792 2444 2033 2545 1900
1850 1290 1859 2059 1795 1856 2395 1280 1871 1849 1807 2457 2559 2048 2071 1919
1851 1291 1865 1862 2060 1796 1930 2396 1281 1854 2412 1295 2354 2409 1852 2049
1297 1863 1866 1802 1871 2402 2410 1293 1856 2413 1790 1924 2464 1855 1363 1296
1856 1864 1803 1937 2403 1853 1294 1297 2361 2465 1791 1925 2055 1492 1015 1863
1871 2071 1807 1290 1859 1301 2059 2365 1795 1019 1368 1496 1856 1806 2070 2129
1889 1303 1942 1874 1319 1958 1369 1890 1824 1020 1304 1893 1943 1809 1946 1878
1892 1306 1875 1945 1811 1880 2423 1961 1372 1305 1827 1239 1896 1310 1944 1810
1893 1881 1946 1878 2072 1812 2424 1897 1311 1962 1828 1894 1308 1240 1024 1889
1312 1878 1951 1881 2077 1886 2427 1894 1308 1378 1897 1245 1311 1901 2073 1879
1879 1952 1884 1887 1327 1895 1968 1899 1379 1314 1312 1030 1246 1902 1880 1948
1900 1315 2080 1886 1881 2429 1329 1970 1381 1834 1901 1248 1897 1311 1955 2081
1906 2422 1875 1892 1826 1890 1895 2435 1335 1305 1944 1976 2423 1907 1387 1810
1914 1327 1895 1968 1899 1902 1879 1910 2428 1952 2480 1884 1984 1328 2427 1913
1889 2433 1333 1974 1905 1838 1908 1319 1958 2486 1401 2434 1890 1824 2381 1267
1894 1913 1979 1908 1910 1843 1905 2449 1342 2491 1406 1852 2107 2386 2439 1893
2440 1896 1922 1340 1910 1981 1844 1907 2450 1324 1350 1925 1899 1895 2493 2439
1923 1897 1341 1908 1982 1913 1845 1916 2426 1325 1893 1337 2494 1994 1409 1854
1899 1925 1985 1914 2101 1919 2428 1352 1328 2440 1922 1896 1340 1969 1924 1997
1930 2448 1908 1348 1923 1990 1851 2106 1337 1934 1978 2502 1417 2396 1931 2449
1931 2449 2107 1852 2459 1358 1913 1935 2003 1979 1418 1862 1843 1930 2448 2397
1917 2455 1354 1999 1928 1858 1926 2115 2445 1366 2511 2011 1987 1426 1870 1938
2457 1919 1356 1928 2117 1925 2447 1347 1368 2456 2513 1989 1918 1428 1355 2129
2464 1924 1363 1932 1937 1935 2452 2460 2465 2520 1925 1996 2610 2463 1550 1297
1366 2011 1870 1938 1935 2455 1354 1999 1438 1858 2466 1926 2115 1928 2613 1365
1928 1367 2128 1871 2456 1355 2000 2524 1439 1368 1859 2614 2116 1366 1301 1924
1368 2129 1937 2457 1356 1928 1367 1440 2117 2615 1555 2465 1925 2189 1871 2128
1951 1878 1946 2131 1948 1943 1390 1378 1894 1308 1962 2143 1375 1959 2135 1950
1376 1953 1880 1948 2133 1945 1969 1380 1896 1310 1375 2145 1961 1372 1884 1952
1970 1381 1955 1950 1900 1315 2150 1971 1382 1104 1886 2080 2139 1881 2134 1951
1976 1944 1387 1961 1959 2488 1403 1371 1875 1906 1945 2422 1977 1388 1943 1975
1979 1390 1894 2143 1962 1959 2491 1406 1951 2479 1394 1878 1946 2474 2476 1978
1948 1980 2476 1968 1895 2492 1375 2480 1984 1952 1910 1879 1981 2156 1979 1570
1981 1969 1896 2145 1961 2493 1408 1376 1953 1985 1396 1980 1948 2476 1880 1324
1950 1982 2478 1962 1897 2146 1970 2494 1409 1946 2474 1978 1389 2426 1881 1325
2479 1951 1394 1968 1971 2495 1378 1979 1390 2427 1913 1950 1952 2135 2478 1982
2495 1995 1979 1913 1982 1984 2159 1987 2479 2507 1422 1394 2491 1406 1342 1968
1979 2003 1418 1995 1990 2491 1430 1406 2507 2007 1422 2449 1931 2504 2502 1978
2504 2004 1980 1419 1996 2168 2516 2492 1431 1984 2508 2005 1932 1910 1981 1349
1981 2005 1420 1997 1922 2169 2493 1408 1985 2009 1424 1933 2450 2504 2004 1980
1989 2513 1428 2000 2177 1997 1440 1416 2457 2512 1988 1919 1356 2165 2189 1603
1990 2514 2006 1930 2003 2502 1417 1994 2518 1433 1152 1430 1604 1934 2007 2182
1996 2520 2004 2009 2184 2007 2508 2516 1431 1997 2521 2464 1924 1363 2172 1995
2000 2524 1439 2011 2188 2512 1928 1367 1440 1999 2662 1438 1162 2520 1996 2189
1440 2189 2009 2513 1428 2524 2000 1368 1439 2177 1163 1615 1997 2521 2129 2188
1445 2014 1816 2019 2076 2022 2530 2026 1441 2088 1501 2033 1449 2015 2072 1812
1447 2016 2021 2019 2532 2028 1443 1246 2035 2017 2015 2074 1819 2196 2079 2077
2034 1821 2022 2081 2019 1460 2033 2035 1449 1249 2199 1749 2082 2080 1822 1886
2035 2082 1822 2536 2036 1452 2034 1836 2094 1250 1447 1823 2200 1750 2081 1887
2036 1452 1823 2021 2537 2035 1837 1508 1251 1822 2201 2082 1751 1888 2079 1819
2017 1456 2028 2540 1444 2533 2021 1458 2039 2016 2075 2575 1844 1258 2091 1833
2530 2041 2026 2088 2033 1466 1445 2037 2526 2014 1816 2019 2042 2076 1845 1513
2042 2019 2027 2034 2015 2038 1454 2530 2374 2577 2041 2532 2077 2100 2043 1514
2021 2533 1458 1833 2091 2036 2544 1469 2017 1456 2532 2043 1819 2101 2079 1516
2052 2540 2039 1844 2551 1456 1477 2544 2055 1469 2539 2051 2028 1464 2388 1853
2544 2055 1469 2043 2101 2048 2533 1458 2540 2052 2543 1468 1833 2091 2391 1856
2545 2033 2056 1470 2046 2102 2041 2534 2556 1459 1481 2034 2590 1834 1857 1471
2046 2557 1482 1858 2115 2056 2058 2054 1471 2068 1870 2405 2556 1848 2047 2070
2052 2062 2121 1864 2551 1477 2055 1492 2562 2051 1853 2109 2607 1294 2125 1863
2053 1489 2060 1865 2122 2065 2068 1478 2049 1485 2412 2110 2608 2054 1854 2565
2062 2065 2070 2554 2562 2051 2055 1492 2565 2054 2610 1490 1297 1550 2570 2058
2055 1492 2125 2071 2052 1856 2611 2059 1496 2062 1864 2121 2245 1803 1937 2070
2068 1870 2070 2065 2557 1482 2568 2115 2570 2058 2613 2056 1858 1493 1495 1300
2074 2196 2079 2077 2082 2578 1515 2086 1499 2148 2091 1622 1504 1447 2094 2192
1508 2141 2082 2201 1888 2079 1520 2094 1627 1903 2036 1452 1318 2091 1504 2261
2072 2572 2088 2202 2142 1893 2085 2026 2584 1521 2076 1513 2214 2154 2664 1568
2575 2075 2091 2205 2145 2086 1896 1500 1524 2079 2101 1516 2074 2133 2193 2217
2577 2077 2100 1514 2085 2207 2088 1526 2573 2073 1510 2621 2159 2669 2135 1573
2578 1515 2086 2091 2148 2094 2074 2574 1511 2079 2196 2101 2670 2622 2160 2220
2080 2580 2102 1517 2150 1900 2033 2088 2590 1528 2198 2222 2672 1636 2081 2534
2081 2103 2211 2034 2094 1901 2591 1529 2625 2199 2673 2139 2223 1886 2580 2046
2105 1520 2094 1903 2036 2091 1508 1531 2141 2582 2082 2201 2165 2675 1519 1579
2584 2106 1521 2214 2154 1908 2037 2572 1532 2088 2110 2142 2202 2676 2628 2226
2085 2107 2585 1522 2100 2215 2038 2573 2595 1510 1526 2143 2227 2203 1581 1894
2109 1524 2101 2217 2575 2597 1535 2091 2589 1527 2108 2205 2679 2086 2145 2169
2110 2088 2218 2158 2041 2100 2102 2598 1513 2106 2584 1521 2146 2170 2680 1644
2116 2094 1530 2224 2105 1918 2103 2047 2582 1542 1519 2152 2638 2117 2212 1590
2100 1537 2107 2171 2231 2110 2054 2115 2609 1526 1549 2119 2595 2159 2693 1597
2108 2172 2232 1924 2116 2610 1550 1534 2220 2184 2125 2599 2244 2160 2101 1539
2599 2125 2101 1539 2109 2173 2055 1925 2117 2589 2611 1527 2121 2597 1535 2185
2600 2126 2102 1540 2115 2056 1926 2110 2590 2612 1552 1528 2222 2648 2696 1660
2108 2606 1546 2240 2180 2121 2062 1932 2119 1534 2610 1550 2168 2109 2607 2654
2609 1549 2119 2122 1935 2065 1537 2107 2605 1545 2231 2171 2657 1669 1609 2463
2610 1550 2125 2184 2244 2128 2108 2606 1546 2172 2232 2658 2611 1610 2464 1924
2115 2613 2247 2187 2126 2128 1541 2661 2235 1673 2116 2614 2612 1552 1366 2609
2142 2134 2072 2250 1946 2131 1568 2146 1560 2262 1676 1962 2143 2076 2135 1950
1558 2074 2133 2252 1948 2131 1570 2148 2264 2145 2086 1678 1499 2143 1375 2137
2148 2137 2135 1952 2622 1574 1558 2149 1563 1682 1968 1379 1561 2152 2252 2074
2150 2080 2258 2139 2134 1684 1970 1381 1565 2146 1560 2198 2259 2081 1955 2076
2152 2260 2082 2141 1956 2139 2626 2094 1686 1972 1565 1383 2148 2261 2200 1957
2156 1570 2148 2086 2145 2264 2143 2630 1558 2622 2160 1574 2133 2074 2252 2714
2621 2159 2135 1573 2143 2267 2146 2148 2633 1561 1585 2131 2617 2077 2717 2100
2625 2139 2271 2150 1971 2152 1589 1565 2283 2081 2259 2721 2103 1955 2626 1987
2141 2165 1579 2273 2152 1973 2149 1591 2626 2261 2105 2285 1520 1699 1957 2485
2143 1581 2159 2156 1979 2154 2617 2641 2633 2171 1585 2585 2107 2085 2263 1522
2169 2145 2161 2156 2277 1981 1595 1571 2635 2149 2173 2727 2265 2168 2289 2630
2150 1588 2102 1986 2158 2648 2294 2732 2590 1708 1528 2498 1970 1998 1589 2146
1589 2103 2283 1987 2159 2625 2649 2295 2115 2271 2733 2591 1529 1999 2499 1971
2638 2152 1590 2165 1988 2160 2626 1602 2094 2296 2177 2734 2116 1591 1530 2500
2640 2154 1592 2170 2106 1990 2628 1604 2182 2158 1596 2118 2736 2298 1712 1532
2641 2171 2107 2168 2653 1581 1605 2159 1597 2119 2595 2299 2003 1979 2640 2154
2648 2294 1998 2170 2660 1612 1588 2126 2102 2306 2600 1540 2510 2010 2187 1986
2649 2187 2295 2115 1999 2171 2661 1589 2283 2103 1541 2011 2511 2188 2648 1987
2188 1602 2296 2177 2116 2000 2172 2638 2662 1590 2189 2128 2165 1722 1542 1603
1604 2182 2298 2118 2640 1592 2170 2656 2106 2604 1544 1724 2514 1990 2653 1605
2653 1605 2119 2299 2003 2180 2641 2171 2657 1609 2107 2605 2749 1545 2654 2168
2657 2171 1609 2182 2007 2184 2187 1597 2653 1605 2753 2609 1549 2170 2172 2656
2660 1612 2306 2126 2187 2010 2182 2648 2294 2756 2612 1552 1998 2661 2522 2170
2202 1616 2072 2250 2191 2664 2262 1676 2203 1617 2076 2251 2073 2014 1632 2572
2076 2198 1632 2202 1616 2088 1501 1680 2207 1621 2250 2072 2191 2134 2077 2255
2207 1621 2191 2077 2255 2196 2199 2669 1633 2203 1617 2267 1681 1622 2211 1625
2218 1632 2202 2088 2207 2680 1644 2664 2214 2076 2278 1692 1513 2669 1633 2198
2196 2220 2670 1634 2204 2207 2212 2682 1622 1646 2192 2216 2666 1630 2197 2221
2221 2197 2671 1635 2205 2091 2269 2683 1647 2193 2217 1631 2196 2079 2257 2670
2672 2222 2198 1636 2211 2684 1648 2258 2580 2080 2102 1696 1517 2223 2199 2673
2675 2201 1639 2212 2273 1627 2261 2200 2224 2285 2674 2105 1699 1520 1638 2221
2207 2231 1645 2215 2100 2279 2220 2218 2223 2669 2693 1633 1657 2227 2203 2267
2237 2105 2285 2224 2221 2675 2699 1663 1639 2273 2212 2735 2117 1531 1711 2683
2690 2216 2240 1654 2232 2229 2108 2288 2227 1642 1666 2220 2244 1658 2300 2217
2218 2692 2242 2226 2110 2231 2680 2704 1644 1668 2214 2238 1652 2278 2302 2740
2695 2245 2221 2229 2232 2293 2237 2707 2683 1647 2217 2691 1655 2244 2305 2125
2696 2222 1660 2294 2235 2684 1648 2102 2126 2600 2306 1540 2697 2247 2223 1661
2224 2698 2248 1662 2116 2296 2237 2235 2232 2710 1674 2699 2128 1663 1722 1542
2229 1667 2245 2121 2240 2301 2691 1655 2707 2607 2109 2289 2751 1666 2305 2244
2231 1669 2239 2242 2244 2247 2693 1657 2227 2701 2753 2609 1549 2232 2704 1668
2306 2126 2247 2242 2696 1660 2756 2612 2294 1552 2235 1673 2704 1668 2068 2302
2237 2711 1675 2309 2129 2248 2245 2699 1663 2117 2615 2710 1555 1674 2707 2128
1680 2250 2134 2255 2258 1692 2262 1676 2146 1560 2267 1681 1684 2251 2076 2135
1682 2252 2257 2196 2255 2260 2264 1678 2148 2269 1683 1622 2267 1681 1686 2253
2278 1692 2262 2146 2267 2728 1704 1680 2250 2218 2134 2158 2620 1632 2255 2717
2264 2148 2269 2267 1682 2252 2276 2714 2196 2220 2281 2257 2670 2622 2160 1574
2258 1696 2150 2271 2732 1684 1708 2198 2672 2222 1636 2721 2259 2283 2278 1692
2722 2260 1698 2212 2273 2152 2271 2734 1686 2261 2224 2200 2674 2626 2285 1638
2262 1700 2278 2154 2214 2736 1712 2728 1704 2676 2202 2142 2628 2226 2263 1701
2263 1701 2279 2215 2276 2713 1689 2267 2729 1705 2203 2227 2143 1581 2262 2264
2276 2220 2281 2160 2279 2726 2264 2288 1702 2148 2269 2172 2682 2731 2293 2232
2294 2732 1708 2222 2283 2278 1696 2150 2684 1588 1648 2271 2733 2295 2728 1704
2296 2734 2224 2285 2283 2722 1698 1722 2152 2638 2212 2273 2735 1590 1711 2295
2736 2298 1712 2226 1724 1700 2740 2278 2302 1716 2214 2154 2640 2238 1652 1592
2299 2227 2288 2749 1701 2279 2741 2239 2641 2215 1653 2298 2276 2300 2736 1712
2302 2278 2740 1716 2170 2294 2728 1704 1728 2298 2736 1712 2182 2242 2692 2218
2741 2279 2171 2231 2295 2729 2753 1705 2299 2159 2693 1657 1597 2302 2740 2278
2304 2288 2172 2293 2232 2296 2754 2276 2300 1714 2244 2184 2305 2220 2160 2281
2309 2285 2747 1723 2177 2296 2237 2293 2735 1711 2165 2189 2699 1722 1603 1663
2753 2299 2302 2304 2741 2749 2231 2171 2657 1609 1669 2754 1728 2295 2757 1733
2757 2295 1733 2187 2247 2306 2661 2235 1673 2756 2294 2296 1734 2753 2188 2248
2296 1734 2188 2248 2309 2304 1722 2710 2662 1674 2295 2757 1733 2754 2128 2189
2326 2311 2314 1768 1824 1753 2327 2381 1838 1737 1769 1772 1180 1825 2382 2385
2331 1757 2371 2314 2311 1773 1761 2335 2386 1758 1753 2327 2320 2374 2318 2312
1758 2320 2317 2312 1742 1774 2336 1759 1829 2331 2387 1757 1754 2328 2321 2371
2335 1761 2374 2318 2320 2331 1757 2336 2339 2314 2371 2322 2324 1773 1749 1781
2339 2324 2322 1781 1749 2340 1764 2393 2335 1761 2379 2374 2320 2318 1848 1821
2341 1767 2324 2380 2321 1751 2340 2395 1837 2379 2537 2320 1782 1750 1823 1850
1772 2314 2385 2331 2326 2346 2318 2396 1773 2343 1768 2335 2389 2386 2381 2327
1774 2336 2331 2387 2328 1758 1786 2320 2348 2317 2345 1773 2343 2398 2312 2335
2317 2345 2388 2329 1759 1787 2321 2349 1774 1844 2399 1771 2313 2336 2391 2387
2346 2318 2335 2389 1772 2314 1845 2322 2385 2331 2339 1761 1789 1854 1792 1764
2349 2321 2336 2391 2341 1791 2317 2345 2320 2348 2403 2388 2544 2340 2395 1759
2322 2339 1764 1792 1781 2351 2318 2346 2393 2545 2335 2389 1834 1857 2362 1848
2354 2346 2396 2343 1796 1772 2355 1851 1785 2331 2385 2326 2397 2549 1797 1773
1786 2348 2345 2343 2398 1774 1790 2336 1787 2357 2331 1785 2355 2410 2387 2328
2335 1789 2343 2401 2346 2348 2351 1785 2355 2331 1855 1790 2413 2336 2363 2339
2362 1792 2351 2346 2363 2416 2339 1857 2405 2556 1781 1869 1805 2322 2393 1858
1795 2365 2341 2352 2349 1807 2340 1794 2395 2361 1791 2559 2348 2403 1782 1806
2357 2355 2410 1786 1802 2348 1799 2345 1863 2398 2343 1797 2361 2562 2409 1790
2346 2354 2412 2362 1796 1865 2355 2413 2363 2416 1854 1789 1792 2396 1797 2343
2355 2413 2363 1789 2343 1797 2348 2346 1802 2401 1866 2351 1805 2354 2409 2412
2348 1802 2361 1790 1803 2349 2402 1806 2352 2357 2410 2355 2413 2365 2363 1786
2352 1806 2365 2363 1794 1807 1871 1805 2351 1802 2348 2570 2361 1795 1859 1790
1824 2381 1838 2326 1825 2433 2382 1889 2385 1828 2311 2371 2526 2314 2424 1809
1825 2382 2368 2311 2371 1809 2381 1824 2327 1753 1826 2434 1890 2386 2422 2312
2385 1828 2314 2371 2424 2526 1812 2389 2760 1893 2386 2026 2381 1824 2374 2530
2388 2317 2369 1844 1833 2391 2387 1829 1896 1759 2440 2540 2763 2384 1827 2533
2389 2318 2530 2426 2374 1845 1816 1828 2385 2764 1897 1834 2371 2314 2424 2526
2374 2320 2532 2379 1829 2387 2391 1833 2336 2543 1836 2371 2533 2321 2428 2427
1833 2391 2533 2428 2321 2380 1819 2388 2767 2544 1899 2395 1837 2317 2320 2532
1834 2429 2534 2322 2393 1900 2033 2768 2444 2545 1764 2389 2580 2374 2426 2318
2393 2379 2374 1821 1848 1901 1836 1834 2769 2445 2034 2339 2322 2534 2429 2324
2368 2384 2382 2328 2435 2387 1826 2369 1841 1906 2312 2422 2398 2329 2436 2327
2374 2401 2386 2335 2389 2393 1855 2397 2371 1843 1845 2553 2042 2777 2427 1913
2545 2393 2444 2389 1857 1834 2556 2405 2429 1848 2780 1916 2322 2534 2454 1845
1849 2379 2395 2340 2393 2446 1836 1859 2380 1850 2324 2352 1918 1782 2782 2405
2412 2389 1854 2396 2346 2401 1865 1845 2385 1851 2413 1855 2788 1923 2053 2462
1857 2416 2405 2556 2454 1869 2362 2545 1792 1858 2568 1926 2466 2393 2444 2792
1859 2558 2456 2352 2405 2402 1849 1871 2395 1858 2393 2340 1794 2058 2446 2570
2395 2559 2457 2403 1850 1859 1795 2341 2059 2795 2365 2447 2548 1856 2391 2352
2396 2412 2354 2409 1851 1865 1930 1796 2549 2448 2796 1862 2397 2060 2462 2413
2399 1864 2410 2357 2461 1853 2403 2398 1863 2345 2799 1799 1933 2551 2450 2361
2402 2410 2413 2464 1863 2398 2403 1802 2554 2802 2348 2401 2452 1866 1871 2409
2403 2465 2361 1856 1864 2399 2402 1937 2349 1803 2803 2410 2461 2357 2464 2611
1870 2405 2363 2416 2413 1858 2805 2557 1805 2351 1869 2455 1871 1866 2401 2362
1871 2570 1859 1870 2070 2456 2352 1806 2558 2405 2806 2402 2365 2614 2363 2413
2365 1871 1807 2807 2457 2071 2559 2403 2570 2615 2465 2361 1859 2795 2059 1795
2433 1889 2424 1958 2486 2381 1890 2434 1824 1893 2474 2572 1974 1942 1874 1838
1890 2434 2422 1905 1874 2487 1959 1825 2382 2433 2435 1889 1894 2368 2424 2371
1896 2440 2428 2575 2423 1880 1899 1895 2493 2439 2388 1892 2436 2476 2574 2422
1901 2445 2429 2431 2427 1886 1917 1971 2499 2393 1900 1902 2817 2444 2446 2591
2448 1908 2424 2490 2385 2584 2433 1893 2426 1978 2502 2474 2572 2396 2449 2820
2449 2491 2585 2439 2386 2434 1894 2427 1913 1979 1843 2397 1908 1910 2371 2424
2426 2494 2389 2444 1923 1897 1908 2424 2448 1982 2478 2506 1845 2427 2824 1913
1914 2452 2439 2496 2446 1924 1910 2428 1984 2480 2508 1913 2427 2578 2402 2456
2428 2440 2589 2391 2447 1925 1899 2450 1985 1914 2452 2403 2827 2101 2599 1919
2462 1923 2448 2506 2598 2454 1934 2494 1994 2518 1854 2412 2463 2836 2608 2389
1925 2465 2450 2452 2403 2599 2457 1937 1922 2440 2461 1997 2464 1924 2521 1856
1930 2448 2462 2514 2604 2459 1934 2502 2396 2449 1931 2844 2118 2518 2608 2412
2455 2466 2613 2463 2511 2011 2405 2454 1938 1870 2853 2456 1935 2524 2661 2522
2456 2524 2614 2464 1928 2512 2457 1871 2455 2128 2854 2452 2615 2662 2613 2570
2457 2615 2465 2456 2513 2129 1937 2524 2614 2464 2521 2611 1928 2843 2117 1925
1958 2486 2474 1974 1942 2433 1889 2487 1959 1962 2490 2424 1975 1943 1978 1946
2487 1959 1975 1943 2434 1890 2488 2486 1958 2491 2422 2474 2476 2617 1874 1905
2488 2422 2476 1976 1944 2489 2435 1961 1959 2487 2492 2423 1875 1977 1906 1945
2489 1961 2423 1977 1945 1892 2488 2436 2493 2422 2476 1944 1907 1976 1981 1388
2491 2479 2474 2617 2476 1979 2495 1894 1962 2490 2143 2857 2492 2487 1959 2427
2493 2476 1981 1969 2440 2492 1896 2859 2145 2489 1961 2428 2480 2623 2575 2423
1969 2480 2428 2623 2485 1985 1953 2493 1968 2496 1899 2635 2149 1973 2476 2622
2498 1970 2429 2478 1986 1900 2444 2150 2499 1971 2864 2494 2580 2625 2426 2620
1971 2499 2625 2484 2479 1987 1955 1901 2445 1970 2498 1972 2865 2500 2495 2429
1985 2493 2496 2635 1969 1997 1981 2428 2508 1984 2480 2161 2623 2647 2485 1989
2485 1989 2513 2447 2500 1973 2484 2512 1919 2432 2457 1988 2165 2879 1985 2446
2491 2507 2449 2504 2502 2641 2003 1979 1995 2495 2459 2514 2490 2653 2516 1990
2493 2450 2504 1981 2005 1997 2521 2492 1922 2461 2516 2440 2169 2655 2489 2508
2521 1997 2508 2647 2513 2009 1985 2493 1996 2520 2465 1925 2496 2635 2173 2504
2003 2459 2514 2516 2653 2007 2507 2449 1931 2504 2502 2004 2641 2463 2657 2518
2005 2521 2516 2461 2655 2009 2450 2004 1933 2504 2181 2465 2520 2460 2607 2654
2507 2007 2463 2520 2657 2518 1995 2003 1935 2506 2508 2006 2511 2011 2459 2514
2011 2511 2522 2524 2661 1999 2455 2649 2510 2010 2512 2187 2007 2507 2613 2466
2513 2524 2521 2512 2457 2903 2189 2009 2615 2662 2465 2520 2000 2177 2891 1997
2027 2371 2526 2573 2038 2773 2015 2765 2386 2026 2760 2762 2028 2809 2539 2085
2539 2028 2762 2532 2574 2039 2774 2016 2543 2540 2763 1829 2086 2810 2027 2387
2540 2763 2533 2575 2775 2017 2767 2544 2539 2762 2028 2388 2532 2574 2317 2369
2765 2577 2374 2530 2532 2042 2019 2777 2027 2764 2543 2813 2034 2769 2573 2526
2034 2769 2536 2534 2046 2033 2817 2768 2393 2545 2770 2035 2591 2765 2673 2580
2526 2772 2037 2549 2584 2385 2784 2026 2760 2049 2041 2530 2396 2038 2820 2572
2530 2041 2389 2545 2053 2788 2764 2526 2549 2037 2772 1845 2777 2553 2042 2824
2553 2042 2777 2543 2054 2765 2789 2038 2773 2550 2530 2401 2374 2041 2532 2778
2046 2557 2393 2545 2591 2034 2769 1848 2556 2829 2534 2780 2405 2536 2782 2103
2782 2558 2047 2536 2548 2543 2058 2770 2035 2048 2537 2783 2559 1849 2379 2046
2788 2053 2549 2598 2553 2556 2800 2041 2784 2049 2412 1854 2836 2608 2389 2789
2544 2055 2791 2551 2554 2403 2599 2559 2803 2052 2540 2543 2790 1856 2611 2391
2549 2060 2796 2561 2604 2784 2049 2800 2396 2797 2550 2118 2844 2061 2565 2412
2551 2799 2562 2607 2052 2803 2798 2062 2399 1864 2121 2597 2611 2410 2606 2357
2800 2412 2608 2565 2568 2788 2053 2060 2549 2796 1865 2122 2598 2553 2065 2801
2802 2554 2562 2565 2610 2570 2790 2798 2062 2803 2402 2850 2065 2801 2553 2806
2803 2611 2791 2055 2551 2799 2554 2802 2125 2403 2599 2807 2559 2071 2562 2607
2805 2557 2613 2568 2570 2565 2853 2806 2405 2068 2804 2558 2556 1870 2070 2553
2071 2807 2559 2570 2615 2059 2795 2806 2558 2070 2129 2803 2711 2614 2365 2611
2088 2812 2572 2620 2577 2530 2426 2580 2824 2076 2584 2808 2860 2146 2680 1897
2815 2589 2091 2575 2578 2623 2671 2428 2533 2079 2101 2827 2911 2814 2635 2149
2817 2591 2625 2673 2582 2580 2577 2103 2829 2081 2865 2211 2913 2685 1901 2445
2819 2675 2582 2432 2537 2105 2831 2094 2915 1903 2447 2036 2548 2589 2815 2091
2575 2823 2597 2589 2586 2679 2540 2440 2109 2599 2101 2827 2574 2822 2217 2871
2824 2598 2584 2680 2590 2812 2088 2836 2110 2820 2572 2158 2620 2218 2692 2872
2830 2582 2638 2446 2591 2116 2842 2094 2878 2831 2674 2224 2626 2698 2926 2105
2831 2105 2447 2548 2589 2819 2843 2117 2165 2582 2675 2830 2699 2879 2783 2537
2106 2584 2832 2604 2598 2640 2549 2448 2595 2820 2118 2844 2110 2836 2608 2628
2606 2108 2586 2690 2597 2595 2822 2610 2109 2654 2607 2882 2630 2168 2460 2539
2591 2115 2613 2697 2649 2455 2600 2557 2829 2853 2103 2661 2937 2685 2235 2889
2116 2614 2842 2698 2558 2456 2854 2830 2128 2843 2615 2662 2710 2938 2117 2638
2843 2615 2117 2699 2457 2559 2599 2831 2105 2129 2237 2842 2614 2177 2891 2116
2856 2628 2142 2620 2572 2474 2617 2868 2154 2146 2860 2584 2262 2808 2857 1962
2630 2622 2714 2574 2617 2476 2156 2148 2264 2086 2859 2145 2954 2810 2726 2586
2859 2145 2623 2715 2575 2133 2871 2635 2149 2955 2630 2727 2265 2493 2622 2574
2864 2150 2580 2625 2620 2876 2732 2590 2960 2498 1970 2865 2146 2860 2672 2429
2626 2485 2623 2879 2141 2165 2152 2819 2273 2866 2735 2638 1973 2635 2149 2675
2617 2869 2641 2633 2585 2491 2628 2630 2857 2143 2621 2159 2573 2595 2821 2713
2871 2635 2727 2630 2493 2169 2145 2859 2647 2161 2623 2277 2823 2575 2597 2739
2158 2872 2620 2628 2728 2494 2633 2860 2146 2884 2170 2868 2640 2154 2278 2740
2622 2874 2160 2630 2635 2496 2633 2638 2148 2172 2156 2623 2578 2647 2970 2161
2876 2648 2590 2732 2498 2150 2888 2864 2828 2580 2102 2600 1986 2877 2510 2625
2877 2625 2649 2733 2591 2499 2638 2633 2889 2865 2829 2721 2973 2283 2103 1987
2165 2879 2735 2638 2635 2177 2891 2878 2831 2626 2285 2747 2975 2105 1989 2513
2654 2630 2168 2882 2641 2504 2156 2180 2172 2658 2169 2606 2978 2750 2655 2288
2169 2655 2647 2597 2739 2181 2871 2635 2173 2109 2751 2607 2979 2882 2654 2630
2170 2656 2884 2640 2740 2598 2506 2648 2896 2872 2158 2182 2628 2836 2980 2110
2171 2633 2657 2885 2641 2741 2507 2649 2159 2653 2609 2837 2729 2753 2981 2656
2172 2658 2647 2508 2898 2874 2184 2160 2654 2882 2168 2630 2754 2610 2982 2635
2662 2638 2512 2649 2188 2902 2878 2177 2842 2891 2296 2734 2614 2116 2500 2000
2891 2177 2747 2513 2647 2165 2189 2879 2903 2843 2615 2638 2662 2987 2117 2735
2892 2640 2656 2604 2514 2653 2896 2182 2298 2118 2844 2736 2502 2641 2608 2518
2899 2647 2185 2655 2658 2611 2521 2173 2181 2125 2898 2599 2305 2184 2009 2903
2903 2189 2662 2615 2177 2891 2129 2902 2188 2747 2309 2513 2185 2647 2899 2614
2907 2205 2679 2671 2715 2575 2666 2193 2919 2217 2683 2911 2204 2955 2265 2727
2680 2664 2669 2672 2218 2920 2904 2202 2676 2088 2812 2728 2956 2207 2912 2684
2665 2215 2585 2676 2227 2203 2669 2921 2693 2573 2595 2713 2821 2664 2918 2666
2918 2666 2690 2216 2682 2726 2679 2586 2204 2670 2220 2574 2966 2822 2276 2919
2693 2669 2921 2729 2680 2682 2685 2207 2231 2933 2215 2665 2577 2969 2717 2741
2698 2926 2674 2224 2734 2685 2682 2914 2938 2212 2582 2974 2675 2722 2699 2830
2675 2699 2735 2683 2915 2939 2237 2224 2831 2105 2674 2285 2975 2747 2926 2698
2676 2928 2226 2692 2736 2214 2940 2238 2932 2704 2680 2106 2584 2976 2604 2832
2227 2701 2693 2595 2690 2215 2239 2231 2933 2833 2605 2977 2585 2749 2107 2676
2232 2682 2690 2695 2693 2698 2244 2220 2946 2610 2982 2935 2707 2754 2683 2231
2238 2940 2704 2604 2701 2226 2928 2692 2242 2944 2118 2844 2736 2298 2239 2608
2942 2240 2690 2750 2606 2701 2244 2946 2300 2691 2239 2754 2610 2707 2654 2751
2691 2707 2607 2751 2931 2229 2245 2947 2695 2597 2739 2240 2942 2690 2301 2121
2693 2945 2701 2753 2609 2704 2933 2231 2239 2741 2993 2692 2944 2244 2946 2242
2946 2244 2754 2610 2707 2710 2232 2942 2690 2240 2850 2695 2947 2304 2245 2693
2696 2948 2756 2612 2704 2936 2306 2126 2600 2852 2697 2247 2949 2242 2944 2692
2949 2247 2697 2757 2613 2710 2235 2937 2997 2853 2696 2698 2948 2248 2950 2945
2262 2664 2713 2964 2250 2728 2956 2202 2676 2856 2904 2142 2628 2953 2263 2620
2728 2956 2620 2717 2278 2262 2146 2680 2860 2267 2729 2960 2732 2664 2713 2621
2714 2670 2622 2717 2722 2970 2264 2726 2954 2959 2269 2148 2910 2682 2731 2729
2269 2959 2731 2715 2671 2623 2257 2971 2281 2955 2265 2727 2911 2683 2635 2149
2732 2960 2672 2721 2258 2912 2684 2150 2864 2271 2961 2733 2728 2956 2580 2625
2273 2735 2722 2675 2261 2975 2285 2915 2962 2734 2959 2731 2269 2674 2626 2623
2736 2964 2728 2628 2676 2262 2976 2740 2278 2868 2640 2664 2154 2214 2713 2680
2713 2729 2726 2977 2263 2953 2741 2279 2969 2717 2617 2869 2641 2665 2215 2736
2970 2726 2731 2682 2729 2734 2982 2966 2276 2714 2622 2670 2971 2281 2160 2874
2749 2977 2741 2641 2736 2989 2299 2729 2753 2981 2227 2653 2701 2976 2978 2750
2978 2750 2288 2726 2739 2690 2966 2300 2276 2754 2982 2882 2979 2751 2168 2654
2982 2754 2741 2304 2970 2726 2750 2978 2288 2172 2293 2682 2731 2658 2232 2981
2731 2293 2739 2695 2647 2747 2281 2305 2971 2979 2751 2727 2289 2754 2982 2935
2756 2984 2294 2732 2696 2648 2740 2306 2660 2936 2888 2684 2733 2295 2757 2980
2733 2757 2295 2697 2649 2741 2283 2973 2997 2661 2937 2889 2685 2235 2756 2294
2296 2734 2747 2698 2974 2998 2735 2938 2710 2987 2638 2662 2757 2733 2295 2754
2736 2298 2749 2976 2740 2992 2302 2640 2238 2940 2892 2299 2989 2656 2704 2753
2302 2992 2740 2704 2656 2753 2756 2980 2736 2298 2692 2896 2944 2182 2242 2741
2305 2751 2707 2754 2293 2739 2301 2647 2899 2185 2695 2947 2304 2245 2309 2747
2998 2662 2710 2757 2754 2296 2188 2248 2950 2309 2747 2698 2902 2997 2304 2614
2309 2747 2711 2987 2903 2189 2699 2998 2951 2305 2710 2662 2615 2707 2754 2177
2773 2765 2760 2809 2762 2777 2772 2573 2526 2371 2821 2774 2764 2813 2810 2808
2778 2532 2762 2767 2765 2814 2770 2543 2774 2533 2777 2578 2536 2782 2763 2810
2537 2783 2770 2819 2767 2548 2536 2782 2380 2831 2533 2915 2815 2395 2544 2036
2788 2764 2772 2824 2777 2780 2530 2784 2760 2389 2812 2836 2789 2765 2545 2792
2544 2791 2767 2775 2778 2827 2783 2533 2763 2540 2543 2790 2589 2815 2391 2548
2769 2782 2829 2780 2777 2557 2817 2545 2792 2768 2770 2591 2393 2789 2765 2925
2798 2774 2790 2785 2539 2562 2778 2802 2554 2551 2775 2799 2398 2797 2550 2773
2799 2551 2775 2791 2540 2803 2798 2774 2399 2823 2597 2790 2931 2544 2562 2539
2557 2805 2792 2789 2804 2829 2806 2556 2558 2853 2782 2405 2780 2553 2801 2777
2558 2806 2782 2795 2842 2790 2570 2783 2559 2807 2854 2830 2557 2805 2802 2554
2575 2823 2815 2859 2810 2907 2763 2827 2919 2574 2822 2871 2775 2911 2814 2767
2580 2828 2864 2912 2768 2817 2812 2590 2876 2924 2672 2429 2829 2780 2534 2824
2582 2830 2866 2819 2914 2770 2817 2814 2674 2626 2831 2926 2878 2431 2782 2536
2813 2837 2821 2921 2824 2777 2829 2577 2585 2833 2809 2633 2933 2885 2789 2836
2814 2822 2874 2827 2778 2830 2578 2810 2586 2815 2682 2589 2910 2790 2837 2543
2822 2882 2833 2586 2606 2850 2918 2942 2823 2690 2597 2845 2798 2774 2595 2821
2823 2597 2931 2607 2599 2827 2919 2822 2691 2871 2450 2551 2799 2775 2935 2791
2850 2837 2790 2842 2610 2822 2898 2827 2874 2599 2946 2452 2778 2802 2554 2854
2827 2599 2935 2791 2843 2611 2589 2597 2823 2647 2850 2695 2947 2899 2803 2831
2853 2829 2889 2937 2840 2842 2837 2613 2591 2925 2949 2697 2649 2877 2455 2600
2606 2850 2942 2798 2845 2610 2654 2607 2882 2833 2562 2460 2605 2898 2946 2802
2607 2799 2597 2611 2606 2655 2931 2461 2850 2947 2899 2803 2942 2798 2599 2691
2608 2836 2844 2896 2944 2800 2852 2598 2604 2832 2704 2932 2656 2884 2837 2788
2837 2609 2845 2945 2850 2801 2853 2833 2605 2885 2933 2657 2463 2836 2565 2608
2611 2850 2899 2947 2803 2599 2607 2610 2707 2935 2465 2791 2615 2843 2799 2946
2843 2615 2854 2951 2903 2807 2842 2614 2891 2939 2711 2795 2611 2902 2950 2806
2954 2859 2810 2857 2630 2622 2874 2822 2574 2871 2714 2966 2476 2617 2869 2814
2621 2857 2813 2860 2865 2633 2617 2869 2969 2577 2717 2620 2479 2874 2622 2872
2622 2874 2814 2866 2623 2578 2970 2480 2621 2626 2878 2810 2859 2954 2857 2910
2623 2859 2959 2815 2635 2871 2622 2827 2971 2874 2879 2955 2911 2814 2866 2819
2879 2819 2866 2878 2975 2831 2626 2485 2623 2915 2962 2815 2959 2735 2638 2635
2882 2630 2874 2966 2871 2822 2869 2810 2859 2586 2726 2954 2978 2492 2857 2970
2633 2885 2869 2969 2872 2874 2877 2621 2857 2729 2813 2981 2837 2495 2884 2860
2635 2871 2827 2971 2874 2879 2623 2647 2859 2731 2959 2589 2815 2891 2823 2970
2640 2868 2892 2884 2976 2832 2628 2896 2872 2820 2844 2964 2736 2869 2641 2502
2869 2641 2885 2977 2833 2882 2653 2845 2989 2595 2821 2868 2640 2892 2981 2837
2871 2979 2882 2655 2647 2899 2597 2823 2739 2978 2931 2635 2751 2630 2607 2727
2898 2874 2882 2982 2885 2658 2647 2970 2899 2850 2508 2902 2878 2978 2981 2837
2899 2647 2891 2635 2871 2827 2971 2599 2874 2898 2879 2903 2979 2882 2982 2935
2878 2902 2842 2891 2889 2662 2638 2830 2879 2903 2854 2998 2974 2512 2877 2649
2653 2845 2989 2892 2641 2885 2657 2833 2977 2605 2749 2654 2882 2993 2898 2896
2882 2654 2898 2658 2750 2978 2655 2606 2653 2516 2899 2850 2942 2989 2845 2641
2655 2899 2607 2979 2751 2654 2882 2898 2647 2597 2739 2871 2181 2658 2611 2521
2657 2885 2993 2896 2898 2653 2753 2609 2981 2837 2656 2884 2658 2661 2889 2845
2661 2889 2997 2853 2900 2902 2649 2613 2757 2888 2660 2662 2885 2657 2949 2854
2665 2809 2953 2904 2921 2669 2821 2713 2573 2664 2666 2918 2813 2910 2857 2808
2666 2918 2910 2810 2907 2954 2670 2822 2574 2966 2714 2919 2665 2911 2814 2955
2920 2904 2812 2956 2912 2680 2664 2824 2921 2669 2924 2672 2808 2860 2764 2813
2669 2921 2813 2910 2913 2665 2969 2577 2717 2670 2920 2673 2925 2809 2953 2904
2928 2904 2676 2920 2964 2820 2664 2932 2680 2976 2584 2832 2808 2824 2921 2868
2921 2821 2918 2665 2933 2809 2977 2585 2833 2953 2928 2676 2904 2969 2920 2869
2682 2910 2918 2970 2921 2926 2670 2814 2935 2982 2683 2911 2933 2938 2914 2919
2911 2683 2935 2919 2971 2827 2671 2695 2907 2679 2931 2959 2815 2910 2682 2589
2939 2915 2926 2975 2831 2699 2675 2819 2914 2735 2938 2987 2843 2683 2935 2911
2933 2833 2977 2928 2701 2921 2945 2693 2845 2989 2595 2821 2918 2942 2690 2940
2942 2918 2690 2931 2978 2946 2822 2919 2966 2691 2982 2935 2933 2882 2979 2977
2946 2982 2935 2933 2938 2682 2918 2942 2690 2850 2695 2947 2970 2921 2693 2945
2701 2945 2845 2989 2940 2942 2933 2833 2977 2605 2749 2928 2993 2946 2944 2797
2931 2947 2942 2691 2707 2935 2979 2607 2751 2946 2799 2695 2597 2690 2739 2919
2964 2956 2904 2856 2953 2868 2664 2713 2860 2808 2857 2728 2676 2628 2262 2976
2717 2969 2953 2956 2961 2729 2713 2921 2621 2669 2970 2973 2721 2857 2954 2813
2970 2954 2959 2910 2962 2966 2714 2622 2971 2670 2874 2717 2969 2974 2722 2955
2975 2962 2915 2959 2735 2675 2722 2879 2974 2971 2914 2819 2866 2911 2734 2731
2977 2953 2969 2869 2964 2966 2713 2981 2729 2857 2976 2954 2726 2978 2921 2970
2979 2955 2727 2971 2966 2871 2919 2715 2739 2959 2731 2907 2859 2726 2679 2978
2980 2956 2728 2964 2872 2920 2969 2740 2976 2860 2680 2932 2884 2981 2729 2960
2732 2960 2984 2924 2876 2973 2864 2888 2912 2684 2936 2961 2733 2728 2956 2980
2971 2979 2982 2935 2987 2731 2739 2647 2899 2695 2947 2970 2747 2975 2931 2978
2997 2973 2937 2889 2984 2981 2733 2757 2925 2949 2697 2649 2877 2974 2998 2993
2998 2974 2938 2987 2982 2734 2698 2747 2950 2878 2926 2902 2975 2997 2973 2970
2976 2992 2892 2940 2989 2736 2980 2928 2977 2749 2896 2944 2993 2844 2740 2640
2750 2978 2942 2989 2982 2754 2979 2654 2751 2882 2749 2977 2946 2898 2993 2690
2751 2979 2739 2655 2931 2978 2750 2947 2899 2942 2691 2301 2754 2982 2935 2707
2754 2982 2898 2946 2993 2998 2978 2750 2658 2981 2753 2942 2989 2899 2850 2947
2899 2947 2979 2751 2935 2754 2982 2707 2987 2946 2898 2998 2951 2903 2739 2647
2984 2756 2900 2948 2997 2992 2936 2660 2888 2757 2980 2852 2949 2944 2896 2993
2987 2951 2998 2903 2747 2939 2891 2711 2950 2902 2899 2947 2699 2975 2309 2710
