0876 0016 0001 0072 0288 0004 0892 1164 0877 0948 0017 0304 0880 0020 0360 0076 0005 0292 0893 1180 0964 0896 1236 1165 0305 0376 0089 1168 0092 0308 0021 0908
0890 0015 0302 0086 0013 0010 0906 0891 0031 0962 0889 0886 0026 0303 0374 0301 0085 0011 0009 0082 0905 1194 0902 0046 0963 1179 0319 0103 0961 1250 0317 0101
0905 0013 0028 0317 0101 0025 0921 0889 0977 0906 0904 1193 0085 0046 0301 0012 0117 0333 0901 0009 0041 0100 0389 0316 0026 0097 0024 0993 0961 0888 0920 1209
0906 0046 0031 0026 0922 0890 0047 0015 0905 1194 0086 0118 0013 0302 0334 0902 0010 0042 0319 0103 0317 0101 0390 0027 0025 0098 0923 0891 0962 0889 0921 0994
0908 0016 0320 0033 0104 0036 0892 0909 1196 0980 0017 0304 0020 0048 0105 0392 0037 0964 1180 0893 0896 0924 1267 0981 1197 0305 0089 0376 0984 0913 0049 0336
0919 0027 0055 0039 0042 0115 0047 0931 0915 0023 0918 0026 0054 1207 0991 0099 0127 0315 0923 0059 0031 0038 0327 0114 0330 0403 0046 0119 0335 0899 0902 0975
0920 0028 0116 0040 0904 1208 0921 0992 0100 0128 0316 0057 0344 0916 0024 0404 0333 0117 0328 0041 0112 0905 0976 1004 0933 1220 0928 0068 0012 1277 0993 1209
0921 0057 0046 0333 0117 0041 0905 0933 0993 1209 0922 0920 0101 0028 0129 0058 0317 0345 0917 0025 0053 0334 0405 0118 0116 0040 0042 0329 0113 1193 0904 0977
0039 0055 0050 0123 0339 0915 0939 0931 0038 0062 1215 0999 0351 0327 0035 0054 0127 0338 0122 0919 0943 0914 0938 1203 0987 1227 1011 0023 0066 0042 1219 1003
0928 0064 0040 0048 0053 0340 0916 0940 0924 0060 0036 1000 0328 0041 0112 0352 0065 0136 0068 0049 0336 0412 0341 0125 0057 0344 0128 0936 0941 1012 1204 0917
0068 0128 0344 0057 0944 0920 1004 0933 1220 0116 0069 0140 0356 0928 0064 0040 0129 0345 0053 0340 1232 0921 1208 0992 1016 0940 0916 0028 1221 1287 0428 0117
0939 0062 0351 0943 0055 0938 0050 1011 1227 0339 0123 0066 0355 0350 0931 1215 0999 0039 0054 1015 0127 1010 0338 0122 1294 0915 0138 0427 0422 1219 1003 1214
0943 0055 0066 0355 0071 0931 0939 0054 1015 0127 0947 0059 0062 0351 0138 0427 0359 0143 1219 1003 0935 0938 0050 1227 1011 0123 0339 1014 0126 0342 0415 0946
0946 0058 0071 0142 0358 0069 0066 0934 0947 0059 1018 1234 0346 0057 0130 0054 0359 0143 0357 0065 0138 0935 0933 1006 0046 1235 1019 0347 0131 1301 1233 1017
0089 0001 0145 0361 0074 0072 0077 0950 0948 1021 1237 0877 0090 0377 0161 0017 0953 0146 0360 0002 0362 0076 0078 0365 0005 1253 0964 0893 0966 1037 0969 0105
0956 0096 0076 0008 0081 0084 0972 0092 1028 1244 0957 0884 0024 0097 0384 0960 0100 0004 0148 0364 0077 0153 0369 0440 0009 0012 0156 0372 0085 0968 1259 0973
0963 0103 0086 0375 0159 0015 0083 0979 0962 0891 1035 1251 0391 0031 0959 0099 0374 0158 0303 0447 0082 0371 0155 0011 1266 1051 0975 0119 1250 0890 0390 1179
0964 0104 0072 0016 0160 0376 0089 0092 0948 0980 0892 1252 0392 0360 0176 0105 0968 0076 0161 0377 0304 0017 0448 0164 0020 0380 1236 1267 0876 1052 0908 1020
0969 0077 0109 0097 0094 0165 0092 0381 0021 0089 0953 0985 0973 0113 0081 0970 0968 0037 0076 0397 0110 0078 0005 0365 0181 0105 0025 0098 0096 0169 0385 0020
0086 0118 0103 0390 0101 0098 0994 0962 0979 0119 0906 1050 0977 1265 0117 0158 0046 0085 0406 0374 0190 0974 0114 0082 0391 0031 0462 0389 0099 0026 0097 0386
0984 0092 0112 0396 0109 0036 0180 0104 0968 0996 0988 0096 1056 1271 0985 0020 0164 0048 0121 0380 0980 0040 0113 0400 0397 0037 0468 0181 0176 0392 0105 0972
0987 0123 0095 0115 0110 0399 0039 0107 0999 0971 0991 0099 0127 0986 0094 0122 0915 1274 1059 0167 0195 0023 0383 0983 0091 0114 0187 0403 0182 0398 0038 0327
0996 0132 0121 0048 0984 1008 1000 0136 0112 1281 1068 0924 0997 0180 0109 0060 0133 0036 0204 0396 0104 0412 0125 0409 0049 0193 0480 0336 0988 1012 0936 1271
1000 0112 0136 0412 0125 0128 1012 0988 0996 0132 1284 1072 0928 0208 0064 0040 0400 0424 0113 0137 1004 0140 0116 0048 0121 0053 0413 0197 0340 0484 0129 0200
1010 0122 0138 0206 0422 0062 0133 1014 0126 1011 0123 0938 1293 1082 1009 0121 0050 0137 0066 0426 0210 0207 0350 0421 0061 0205 0494 1002 0999 0997 1282 1070
1011 0123 0207 0999 1015 0127 1010 0122 1083 1294 0939 0195 0138 0427 0422 0062 0206 0351 1003 1283 1071 1014 0126 0943 1087 0055 0199 0415 0938 1293 1082 0050
1015 0127 0138 0427 0143 1003 1011 0123 1014 0126 0943 1087 0055 0199 0415 1019 0131 0207 0210 0426 0066 0355 0499 0142 0071 0431 0215 0999 1002 1286 0931 1075
1017 0129 0140 0142 0429 0213 0069 0137 1089 1016 1300 1018 0130 0128 0417 0201 0057 1013 0125 0501 0214 0068 0212 0357 0428 0065 0136 0209 0138 0425 1004 1288
1020 0160 0216 0072 0145 0148 1092 0232 1303 0948 1021 0448 0161 1024 0164 0217 0504 0360 0220 0076 1108 1037 1319 0964 1040 0176 1369 1093 0520 1236 1304 0376
0165 0153 0148 0150 0077 0437 0145 1029 0169 1097 0237 1024 1026 1308 0953 0453 0166 0164 1021 0161 0225 0081 0154 0441 0220 0222 0509 0076 0078 0438 0365 0217
1028 0148 0224 0440 0153 0156 1024 0164 0240 1311 1029 0956 0456 0096 0169 1032 0172 0220 0076 0512 0225 0441 0081 0228 0084 0157 0444 1040 1325 0972 1045 1048
1038 0146 0234 0163 0090 0161 0166 1054 1022 1039 1110 0147 0250 0179 1037 0966 0074 0434 0145 0106 0466 1042 0150 0182 0235 0522 0091 0451 0089 0378 0449 0167
0164 0240 0456 0169 0096 0172 1060 1028 1040 0148 0180 0224 1325 1045 0972 0185 0112 0153 0440 1048 0156 0236 0092 0165 0452 0241 0384 0097 0244 0100 1056 1024
1046 0186 0154 0166 0171 0242 0458 0098 0169 1030 1062 1042 0150 0182 1118 0226 0258 0155 0187 1045 1327 0974 0153 0114 0082 0474 0185 0442 1050 0158 0190 0238
1049 0189 0157 0245 0101 0461 0172 0169 1065 1033 1121 0229 0261 1050 0977 1048 0445 0117 0190 0158 0477 0156 0085 1045 0153 0185 0244 0100 0462 0389 0241 0097
1050 0190 0158 0462 1066 1122 1051 0159 0230 0262 0191 1331 1049 0189 0157 0118 0446 0086 1046 0186 0154 0247 0534 0245 0103 0101 0461 0390 0171 0242 0169 0458
1051 0191 0159 0247 0103 0171 1035 1067 1050 0263 0158 0190 0231 0979 1332 0447 0119 0187 0155 0462 0391 0243 0099 0459 1066 1107 1139 1318 0963 0995 1347 1031
1053 0161 0249 0105 0465 0176 0181 1037 1125 1054 1334 0981 1052 0160 0089 0449 0193 0165 0250 0537 0248 0104 0106 0466 0464 0253 0180 0182 0109 0469 1109 1038
1054 0250 0179 0466 0106 0182 1038 1126 0163 0234 1053 1335 0982 0161 0090 1058 0166 0249 0107 0538 0467 0105 0394 0465 0470 0181 0110 1110 1039 1037 0966 1070
1059 0167 0195 0187 0182 0255 0179 1043 1071 1063 0199 0171 1131 1058 0166 0267 1340 0987 0455 0123 0095 0483 0163 0259 0186 0115 0475 0110 0470 0399 0107 0467
1060 0180 0112 0185 1072 1056 0164 1132 0240 0268 0988 1061 1341 0169 0197 0096 0456 0484 0200 0172 0252 0181 0468 0113 0473 0400 0260 0116 0189 0476 1040 1068
0200 0172 0260 0116 0189 0476 1048 1076 1136 0244 1065 1344 0992 0201 0100 0128 0488 1060 0261 0548 0117 0404 0477 0185 0112 1120 1148 1049 0976 1004 1353 1077
1068 0180 0204 0264 0480 0193 1056 1072 0208 1140 0276 0252 1069 1348 0996 0132 0181 0205 0468 0492 0176 0268 0484 0197 0265 0552 0481 0121 1060 1152 1008 0984
1070 0206 0182 0198 0195 0122 0482 0193 1082 1058 1074 0186 0210 1071 1142 0278 0207 1069 1349 0110 0205 0181 0494 0470 0199 0126 0197 0267 0123 0265 0483 0481
1072 0208 0268 0197 0484 0200 1060 1068 0204 0180 1144 0280 1000 0496 0136 0185 0112 0209 1076 0212 0264 0480 0193 0269 0556 0125 0412 0201 0128 0488 1056 1132
1079 0191 0215 0275 0202 0131 0491 0199 1091 1067 0190 0214 0263 0287 1007 1356 0503 0143 0119 1075 0187 0274 0130 0563 0490 0419 0271 0198 0127 0487 1163 1139
1087 0199 0207 0210 0283 0499 0215 1075 1083 0195 1086 1159 0198 0271 1015 0127 0487 1091 0206 0279 0138 0498 0571 0427 0287 0214 0143 0503 1071 1074 1147 1352
0234 0219 0146 0217 0222 1110 1022 1095 0235 1093 1371 0522 1098 0238 0147 0434 0145 0505 0150 0223 0510 1038 1111 1387 1109 1114 0250 1023 0163 1305 1372 1021
1097 0237 0225 0509 0220 0222 0217 1113 1101 0241 0165 1098 1096 0236 0238 0525 1093 0153 0224 0226 0513 0150 0437 0148 0510 0508 0145 0216 0505 1112 1390 1114
1109 0217 0249 0161 0234 0232 0237 1093 1125 1037 0145 1110 1386 1108 0505 0250 0216 0537 0248 1113 0253 0160 0449 0520 0522 0165 0236 0238 0525 1021 1053 1092
1115 0223 0255 0243 0238 0167 0235 1131 1099 1119 0227 0259 1114 1043 0222 0151 1111 0219 0242 0171 0531 0166 0455 0526 0234 0163 0523 1135 1098 1059 1130 1376
1122 0230 0262 0247 0245 0534 0242 1138 1050 0158 0190 0263 0231 1399 1121 0261 0229 0518 0550 1118 0226 0258 0462 0243 0241 0530 1107 1139 1066 1383 1137 1415
1127 0235 0250 0179 0539 0255 1111 1126 0163 0234 1404 0523 1131 0267 0467 0538 1039 1110 1388 1115 1143 0219 1054 1403 0522 0451 1059 1130 0167 0195 0238 1408
1130 0238 0258 0255 0182 0542 0253 0250 1114 1142 0242 1058 1131 0166 0267 1129 0265 0237 0526 1126 0234 0259 0186 0546 0181 0470 0541 0249 0538 1146 1118 1042
1132 0240 0268 0252 0260 1144 0264 0236 1060 1409 1133 0269 0556 0241 1136 0244 0180 0540 0253 0185 0545 0548 0261 1112 1140 1072 1145 1148 1120 0224 0280 1056
1133 0241 0269 0253 0185 0258 0545 0261 1145 1129 0237 0265 1061 0197 0169 1410 1132 0240 0268 0242 0529 1137 0245 0273 0181 0252 0541 0186 0473 0546 0189 0260
1142 0278 0267 0265 1154 1130 1146 0258 1070 1143 0279 0206 0182 0255 1141 1419 0253 0542 0566 0277 0250 0271 0198 0558 0269 0195 0193 0482 0553 1158 1131 1155
1146 0258 0198 0271 0269 0558 0274 1158 1142 0278 1147 1074 0283 0259 0186 0210 1423 1145 0281 0546 0570 1150 0262 0286 0267 0265 0199 0197 0559 0202 0275 0273
1148 0260 0284 0200 0560 0273 0268 1160 1136 1076 0212 1425 1149 0261 0548 0285 1144 0280 0488 0201 0561 0269 0556 1088 1137 1156 1132 0244 1077 1353 0213 0500
1158 0278 0210 0283 0570 0281 0286 1146 1154 1159 1086 0271 0198 1157 1435 0269 0558 1162 0274 0206 0279 0277 0566 0209 0571 0498 0569 0287 0214 0285 0574 1142
1165 0305 0001 0290 0288 0361 0293 1181 1237 1166 0877 1164 0306 0017 0377 0304 1169 0360 0362 0002 0292 0005 0294 0365 1253 1180 0893 1182 1185 1737 1236 0876
1167 0307 0290 0003 0363 0295 1183 1166 0306 1239 0379 0019 1171 0311 0002 0362 0075 0294 0007 0367 1182 1255 0895 1187 0323 1238 0878 0018 0378 0951 0091 1170
1172 0312 0292 0008 0297 0300 1188 1168 0308 1244 1173 0884 0024 0384 1176 0316 0364 0293 0004 0009 0580 0369 0012 0372 0301 1184 1259 1189 0328 1240 0880 1169
0294 0299 0370 0297 0010 0302 1170 0310 1175 0315 1173 0886 1246 0386 0026 0295 0006 0293 0371 0011 0082 0369 0582 0009 0303 0301 0374 1186 1191 0902 1189 1194
1185 0325 0293 0021 0381 0310 0308 0305 1201 1169 1189 0297 0329 1184 1186 0005 0397 0292 0037 0365 0294 0326 1181 0025 0312 0385 0020 0380 0589 0382 0022 0377
1189 0329 0297 0385 0312 0025 0317 1173 1205 1185 0293 0325 1188 0901 1260 0041 0009 0369 0328 0401 0330 1193 0301 0333 0308 0381 0310 0021 0593 0026 0024 0097
0330 0310 0315 0386 0026 1206 1186 0294 0326 1191 0299 0902 1189 0297 0042 0370 0010 0329 1194 0334 0302 0311 0022 0382 0027 0385 0025 0098 0319 0317 0390 1202
1194 0334 0302 0319 0390 0317 0335 0303 1265 0906 1193 0301 0333 0406 0046 0374 0330 0391 0031 0389 0315 0386 0026 1179 0890 1250 0922 1279 1209 1206 0346 1766
1197 0305 0320 0033 0325 1181 1198 1196 0909 0306 0377 0304 0017 1201 0337 0105 0394 0034 0392 0037 0397 0326 1180 1253 0893 1182 1213 1185 1769 0981 0910 0908
1198 0306 0323 0034 0394 0326 1182 1199 0307 0910 1197 0378 0305 0018 1202 0310 0338 0035 0395 0033 0106 0327 0398 0325 0038 1183 1254 1181 0894 1186 1214 0290
0336 0308 0328 0396 0325 0036 0320 1184 1212 1204 0340 0312 1201 1271 0337 0020 0380 0048 1196 0304 0329 0040 0400 0037 0397 0600 0392 1188 0924 1256 1281 1213
1207 0315 0327 0330 0403 0335 1191 1219 1203 0311 0339 1206 0342 0919 1276 0027 0415 0055 0319 0347 0326 0399 0039 0042 0607 0115 0334 0407 0047 1215 1187 1218
1208 0316 0344 0333 0404 0328 1220 1277 0920 1209 0388 0028 0345 0317 1204 0340 0312 0405 0608 0116 0400 0040 0329 0904 1193 1221 1287 1188 0300 0356 0992 1278
1219 0355 0339 0342 0415 0055 0347 1207 1215 0327 0351 1218 0330 0931 1286 0403 0427 1223 0335 0359 0338 0054 0127 0619 0346 0059 0419 1203 1227 1206 0943 0919
0342 0350 0355 0066 0426 0353 0358 1218 0338 1297 0054 0341 1234 0346 0351 0062 0422 0349 0427 0138 0630 0065 0425 0359 0357 1214 1219 1217 1802 0330 1227 0339
1242 0382 0370 0367 0438 0294 0578 0365 0078 0362 1257 1246 0386 1243 0383 1309 0954 1170 1443 0454 0590 0381 0310 0094 1238 0378 0371 0442 0369 0082 0582 0079
1244 0384 0364 0440 0369 0580 0372 1259 1240 0380 0956 1245 1445 1172 1311 0096 0592 0312 0385 0456 1248 0388 0365 0576 0076 0292 0581 0008 0640 0297 0441 0081
1262 0403 0371 0383 0386 0459 0315 0099 0595 0391 1247 1276 1258 0399 0367 0370 1191 0975 1458 1328 0607 0299 0115 0583 0083 0475 1266 0407 0375 0382 0311 0095
0377 0392 0465 0394 0105 0397 1253 1197 0981 1267 1334 0449 0378 0305 0089 0376 0381 0409 0104 0466 0033 0106 0320 0464 0109 0396 0325 0601 0469 0398 1181 1252
0386 0398 0403 0474 0606 0114 0401 0330 0406 0382 1276 0415 1468 1206 0990 0385 0458 0618 0413 0342 0098 0126 1279 0418 0390 0399 0110 0326 0470 0397 0115 0607
1281 0396 0412 0336 0480 0409 1291 1271 1284 0400 0424 1348 0996 1474 1212 0600 0468 0624 0348 0492 0132 0397 0421 0392 0616 0413 0484 0340 0613 0048 0337 0121
1282 0398 0422 0338 0482 0122 0409 0614 1293 0426 1283 0399 1214 1476 1349 0494 0470 0397 0110 0326 0350 0626 0421 0394 0415 0413 0126 0342 0618 0615 0339 0483
1283 0399 0415 0615 0339 0123 0483 1274 1294 1286 0403 0427 1282 0398 0422 1215 0999 1350 1477 0351 0627 0603 0327 0395 0127 0619 0487 0122 0338 0482 0614 0195
0426 0415 0342 0618 0413 0126 0418 1297 1282 0398 0422 1286 0427 0403 1285 1218 1002 0425 0630 0401 0330 0474 0606 0138 0498 0114 1289 0406 0409 0338 0122 0614
1287 0428 0404 0488 0620 0417 0128 0344 0412 1277 1481 1004 1220 1288 1353 0476 0356 0429 0140 0116 0608 0405 0632 0500 1284 0424 0400 0129 0200 0345 0489 0616
1291 0424 0624 0348 0421 0132 0492 1281 1295 0412 1008 1224 1485 1357 0336 0409 0480 0352 0136 0628 0496 0425 0060 0133 0204 0349 0493 0684 0625 1284 1212 0996
1294 0427 0422 0627 0351 1283 0415 1293 1227 1011 0339 0483 0123 0615 0426 0355 0631 0499 0494 0350 0626 0207 0687 1286 1282 1215 0999 1477 1350 0399 1864 1297
1301 0418 0431 0502 0634 0358 0429 0142 0426 1289 1302 0419 1234 1018 1495 1367 1300 0622 0130 0490 0417 0346 1297 0635 0359 0503 0143 0633 0357 0694 0501 0214
1303 0448 0504 0360 1319 1369 0520 1236 1304 1020 0449 0376 0160 0452 0216 0505 0361 0072 0145 0508 0148 0636 0437 0364 1252 1320 1323 1873 0464 1092 1370 0232
1304 0449 0505 0434 0145 0361 0437 1320 1370 1237 1303 1021 1305 0377 0161 0448 1308 0453 0217 0504 0360 0362 0146 0509 0438 0365 0637 1386 1253 1319 1037 1874
0452 0440 0508 0636 0148 0437 0364 1323 1311 0456 1373 0524 1308 1240 1024 0380 0648 0164 0453 1303 0448 0512 0640 0441 0696 0220 0509 0576 0365 0076 0637 0504
1310 0455 0438 0639 0367 0151 0435 1324 1314 0459 1376 1309 0454 1500 1243 0383 0167 1306 0451 0442 0515 0155 0371 0643 0510 0223 0150 0699 0638 0579 0079 0434
1314 0459 0442 0515 0371 0155 0643 0447 1328 1310 0455 1380 1313 0531 0458 1031 1247 1504 0171 0655 1318 0438 0151 0639 0367 0514 0370 0227 0703 0642 0154 0083
0434 0466 0522 0451 0378 0449 0454 1305 1335 1387 0435 0467 0538 1038 1254 1320 0465 0394 0362 0146 0470 0438 0523 0379 0234 0163 0090 0377 0161 0526 0455 0453
1326 0441 0473 0453 0529 0458 0385 0653 0169 0456 0461 1342 1312 0437 0469 1394 0545 0513 1045 1325 1327 1260 1514 0153 0641 0440 0369 0474 0665 0442 0401 0185
1329 0444 0476 0461 0172 0388 0656 0456 1315 1344 1397 0516 0548 1517 1048 0477 0404 0445 0156 0668 0372 1325 0440 0244 0716 0596 0100 0389 0657 0652 0384 1381
1332 0447 0462 0391 0659 0459 1347 1318 1400 1331 0519 0446 0551 1520 1051 1266 0375 0191 0159 0647 0407 0671 1328 0475 0534 0390 0247 0719 0658 0103 0599 0458
1340 0483 0455 0475 0470 0399 0663 0467 1350 1324 1343 0487 0459 1339 1408 0482 0454 1059 1274 1524 0167 0383 0195 0675 0451 0547 0474 0403 0667 0187 0542 0255
1341 0484 0456 0468 0664 0473 0400 0476 1325 1337 0480 0452 1409 0556 1060 1342 1275 1525 0652 0384 0412 0676 1344 0488 0540 0180 0396 0469 0660 0545 0724 0185
1346 0462 0490 0550 0406 0190 0670 0477 0474 1355 1331 1415 1347 0562 0491 0534 1279 1066 1530 0418 0390 0489 0461 0658 0682 0202 0458 0551 0191 0549 0262 0730
1347 0491 0551 0671 0407 0191 0475 1332 1356 1346 1416 0563 0462 0490 1280 1067 1531 0391 0419 0659 0683 1343 0459 0487 0550 0406 0263 0190 0670 0731 0119 0611
0473 0497 0481 0197 0677 0413 0484 0489 1342 0493 0469 1422 0569 0545 1285 1537 0498 0665 0209 0425 0185 0496 0401 0689 0474 1354 0477 0501 0553 0193 0409 0673
0474 0498 0482 0487 0558 0678 0198 0490 1363 1349 0470 0494 1423 1352 0570 0546 0475 0499 1074 1538 0497 0210 0473 0186 0426 0690 0666 1355 0502 0483 0674 0481
0483 0499 0494 0687 0207 1350 0487 1432 0482 1083 1294 0675 0195 0571 0498 0427 0691 0566 0422 0206 0279 0747 0686 0627 1352 1349 1420 1283 1071 1535 1933 1363
1371 0522 0434 0505 0510 1387 1305 1372 0523 1370 0234 1375 0526 0435 0219 0146 0217 0438 0698 0222 0509 1388 1110 1386 1391 0538 1944 1306 0451 1095 1022 1304
1372 0523 0435 0219 1388 1306 1371 0451 0522 1095 0235 1376 0434 0147 0510 0223 0699 1387 1111 1945 0539 1305 1023 0234 0163 1310 1375 0455 0526 1099 0711 1404
1376 0515 0510 0223 0699 1380 0531 1310 1375 0455 0526 1099 0711 1372 0523 0514 0227 0703 0438 0222 0698 0639 0151 0435 0219 1396 1324 1391 1115 1571 1388 1314
1386 0505 0537 0449 0522 0520 0525 1370 1402 1320 0465 1109 1387 0217 0249 0504 0536 0538 1390 0509 0541 0448 0161 0234 0232 0453 0237 0524 0526 0709 1334 1304
0531 0526 0455 0711 0523 1408 1376 1396 0547 0515 1324 1391 0542 0510 1115 1571 0699 0223 0255 0723 1388 0539 0459 0530 0243 0715 0454 0238 0167 0710 0451 0522
0512 0524 0456 0712 0529 0240 1409 1389 0508 0540 1325 0440 1394 1572 0545 0700 0513 0224 0724 1397 0548 0516 0452 0708 0236 0525 0652 0241 0713 0244 0716 1373
1397 0516 0548 0244 0716 1381 1329 0476 0444 1120 1576 0228 0549 0260 0517 0728 0704 0512 0461 0656 0172 0245 0717 0456 0240 0529 0712 1315 1344 1382 1104 1564
0549 0517 0461 0717 0245 0534 0529 1382 1414 0477 0445 1399 1121 1397 0518 0229 0548 0261 0516 0550 1394 0545 0513 0657 0462 0716 0244 0241 0713 0530 1381 1383
1400 0519 0551 0534 0247 0719 0531 1416 1384 1399 1332 0518 0447 0550 1579 0263 0231 0731 0707 1396 0547 0515 0462 0659 0459 0530 0243 0715 1383 1318 1347 1415
1408 0547 0542 0723 0255 0539 1420 0559 0531 1340 0483 0455 0526 1131 0711 0267 0735 1404 0523 0546 0475 0259 0470 0663 0722 0467 0538 1424 1396 1324 1391 1419
1409 0556 0540 0724 0545 0548 1405 0552 0524 1341 0456 0484 1410 1132 1584 0268 0529 0712 0240 0736 0560 0468 0541 0252 0720 0473 0664 0725 0476 0549 0728 0260
1419 0542 0566 0558 0482 0553 0734 1431 1423 0570 0546 1349 1420 0494 0470 1142 1418 1594 0541 0278 0722 0538 0559 0738 0483 0481 0267 0674 0735 0265 0733 1435
1420 0559 0483 0267 0735 1432 1408 1424 0571 0547 1419 1350 0542 0566 1595 1143 0723 0279 0255 0747 0539 0558 0487 0271 0739 0482 0195 0734 0675 1436 1431 1340
1422 0569 0545 0553 0558 0269 0556 0737 0561 1410 1434 1418 0541 0497 0473 1423 1145 1597 0546 0281 0749 0725 0570 1426 0549 0573 0481 0552 0265 0733 0484 0677
0552 0492 0276 0744 1417 1433 0556 1357 0480 1430 1604 1152 0553 0732 0264 0496 0569 0748 0280 0204 0493 0684 0277 0745 1348 1418 1140 1592 2002 0540 0484 1156
1430 0553 0569 0493 0745 0277 0566 1418 1434 1358 0481 1153 1605 1431 0733 0265 0552 0497 0281 0749 0570 0205 0494 0492 0278 0276 0744 1422 1141 1417 1593 1419
1432 0571 0566 0747 0279 1420 1436 0559 1431 0483 1155 0735 0267 0499 0570 0283 0751 0494 0207 0278 0687 1424 1419 1350 1143 1595 2005 1435 0558 0487 1159 0739
1433 0556 0496 0569 0280 0748 0552 0484 1608 1156 1434 0268 0736 0560 0492 0276 0744 0497 0208 0688 0281 0749 0500 0284 0573 0752 1417 1422 1144 1596 1425 2006
0560 0500 0573 0752 0284 1425 1365 0488 1438 1612 1160 0740 0561 1433 0556 0501 0212 0692 0285 0753 0496 0569 0280 0748 1353 1148 1426 0548 2010 1366 1552 1088
0582 0606 0590 0595 0386 0654 0593 1447 1468 1455 0578 1458 0607 0583 1515 0581 0642 0370 0666 1461 0586 0591 0589 0382 0655 0774 0458 0385 0653 0599 0597 0390
1461 0586 0599 0658 0597 0390 1472 1451 1462 0587 0611 1519 1460 1265 0646 0609 0406 0670 0585 0374 0582 0606 0659 0391 0778 0389 0462 0657 0595 0654 0386 0593
1464 0614 0590 0606 0603 0601 0398 0662 1455 1476 1468 0618 1465 0615 0591 1523 0674 0613 0589 0382 0607 0666 0782 0399 0663 0397 0326 0661 0470 0394 1456 1477
0593 0617 0601 0606 0401 0604 0665 0609 1479 0613 0589 1466 1526 1468 0592 0618 0653 0616 0385 0677 0413 1471 0597 0600 0397 0661 0329 0400 0666 0473 0664 0608
1472 0622 0611 0406 0609 0670 0606 1461 1483 1473 0599 0623 1530 1471 1279 0597 0390 0658 0682 0418 1468 0618 0407 0671 0790 0334 0405 0669 0607 0666 1484 1462
1474 0600 0624 0616 0672 0613 1485 1463 1478 0628 0604 1281 1532 0396 0625 0684 0660 0601 0617 0676 0412 0792 0409 0336 0673 0480 1489 1466 1486 1271 1291 1521
1482 0633 0609 0417 0681 0620 0622 0617 1471 1494 1483 1288 1481 1541 0632 0634 0405 0429 0608 0669 1479 0629 0801 0345 0489 0418 0682 0616 0677 0618 0413 1300
1505 0656 0704 0584 0645 0444 0640 1517 1564 0716 0776 1315 1449 1506 0657 0596 1501 0652 0824 0516 0445 0372 0585 0760 0700 0440 0580 0641 1636 1576 1459 1518
1511 0662 0638 0654 0710 0770 0649 0590 0454 1499 1523 1515 0642 0666 1570 1630 0722 0758 0663 0782 0639 0698 1455 1510 0438 0637 0661 0470 0578 0714 0774 0655
0639 0663 0655 0711 0771 0591 0455 1500 1524 1516 0643 0667 1571 1631 1511 0723 0662 0699 0638 1456 1324 0579 0603 0654 0715 0775 0459 0595 0710 0770 0454 0590
1539 0667 0691 0675 0678 0799 0739 0619 0487 0683 1527 1535 0687 0663 1599 1538 0690 0751 0811 0666 1352 1480 0499 0475 0631 0607 1543 0671 0795 0735 0674 0615
1540 0668 0692 0740 0800 0620 0681 0488 0676 1552 1528 1660 0728 0752 0788 1541 1353 1481 0476 0500 0608 0669 0632 0664 0688 0860 0560 0801 0489 0736 0796 0616
1545 0673 0689 0745 0805 0493 0625 0686 0684 1549 0677 1605 0733 0793 1486 1358 1546 1544 0672 0481 0674 0613 0749 0497 0690 0688 0629 0865 0804 0744 0806 0624
0681 0813 0753 0694 0501 0692 0633 0689 1541 1613 1673 0801 1494 1366 1554 1552 0489 0682 1549 0677 0873 0573 0752 0754 0814 0500 0632 0429 0502 0634 0749 0497
1555 0683 0815 0694 0503 0635 0691 1543 1675 1615 1554 0682 0803 0743 1368 1496 0491 0623 0814 0875 0754 0575 0502 0634 0431 0690 0751 0811 0631 0499 1603 1663
1565 0717 0645 0825 0517 0704 0706 0701 1685 1506 0837 0657 1382 1564 0716 1561 0713 0824 0646 0826 0445 0516 0518 0821 0641 0513 0702 0700 1697 1518 1576 1573
0730 0706 0719 0838 0658 0717 0534 0714 1590 1579 1698 1519 0731 0646 0850 0826 0707 0670 1399 0518 0550 1574 0726 0702 0839 0659 0778 0462 0657 0837 0715 0834
1587 0739 0715 0723 0726 0667 0547 0731 1599 1575 0711 0735 1707 1527 0859 0655 0714 0835 0738 0531 0559 1591 0719 0743 0843 0663 0722 0846 0666 0546 0475 0671
1589 0717 0669 0849 0730 0728 0549 0725 1709 1529 0861 0837 0681 0657 1414 1590 1588 0561 0740 0742 0716 1585 0713 0737 0477 0668 0848 0850 0670 0548 0550 0665
0753 0681 0861 0740 0742 0561 0737 1613 1589 1721 1541 0669 0849 0873 1426 1602 0728 0730 0549 0752 0754 0573 1597 0725 0749 0801 0489 0860 0682 0560 0562 0677
1606 0734 0750 0866 0686 0747 0566 0745 1594 1610 0738 1546 1726 0854 0674 0735 1431 1605 0733 0690 0751 0870 0570 0749 0867 0687 0806 0865 0494 1598 1534 1595
1615 0743 0875 0754 0575 0751 1603 1735 1555 0863 0683 0742 1440 0563 0739 0694 0815 0503 0574 0691 0871 0750 0571 1543 1602 1723 1428 1599 2189 0731 1734 1554
1619 0771 0763 0639 0758 0819 1631 1623 0775 1679 1500 0770 0643 0762 0823 0638 0699 0818 0579 1635 1630 2193 1504 1683 1622 0774 0835 0655 1499 1678 0830 0711
1621 0773 0757 0821 0641 0762 0760 1633 1617 0769 1681 0653 0833 1622 0774 1625 0777 0637 0758 0756 0701 0640 0822 0581 0820 0642 0825 0645 0766 1629 1693 1514
0776 0824 0760 1636 1505 1684 0836 0656 1625 0777 0704 0645 0584 0825 0640 0820 1517 1696 1632 0788 2198 1564 0716 1449 1506 1685 0657 0837 0596 1680 1501 0652
1625 0777 0645 0825 0766 1685 1506 0657 0837 1626 0776 0778 1621 0773 0646 0585 0824 0826 0821 0641 0760 0762 1697 1518 1636 1638 1633 2199 1565 0717 1684 1686
1632 0760 0784 0768 0652 0832 0773 0776 1644 1628 0756 0780 1513 1692 0640 0664 0820 1633 1636 0788 0828 0648 0769 0712 0833 0653 0592 0836 0656 0777 1640 1616
0793 0769 0841 0661 0782 0780 1629 1653 1645 0773 0797 1701 1522 0853 0829 0673 0649 1642 1640 0792 0768 0770 0665 0784 0786 0721 0662 0601 0660 1657 1633 1689
1643 0795 0771 0843 0663 0782 1631 1655 1647 0775 0799 1703 1642 1524 0675 0855 0770 0786 0667 0662 0723 0603 1635 1535 1654 1715 1630 2217 1527 1707 1646 0774
1645 0797 0773 0665 0786 0784 1657 1633 0769 0793 1705 1526 0677 0833 0653 1644 1646 0774 0796 1649 0777 0801 0841 0661 0780 0782 0725 0664 0846 0666 0849 0669
1647 0775 0799 0667 0786 0791 1635 1643 0795 0771 1527 1707 1646 0774 0835 0655 0859 1651 0779 0803 0663 0782 0843 0846 0666 0607 0790 0851 0671 1655 1631 1634
1649 0801 0777 0669 0849 0788 0790 1661 1529 1709 0657 0861 0837 0681 1648 1650 0776 0778 0800 0802 1645 0773 0797 0850 0848 0609 0668 0670 0665 0784 0786 1697
1654 0782 0806 0674 0795 0854 0793 1666 1642 1658 0786 0810 1534 1714 1655 0866 0662 0686 1653 0805 0858 0799 0678 0797 0855 0675 0734 0673 0614 0853 1646 1702
1658 0810 0786 0799 0858 0678 0797 0802 1646 1654 0806 0782 1718 1538 0690 0666 0846 0811 0870 1657 1662 0814 0790 0795 0674 0854 0793 0738 0859 0618 0677 0803
1667 0795 0811 0806 0687 0867 1655 1671 0799 1666 1727 0855 0675 0691 0810 0871 0866 0747 0686 0627 1715 1654 1535 2241 1731 0859 1546 1726 0854 0674 0735 0615
1669 0797 0805 0869 0689 0808 0810 0813 1657 0793 1729 1549 0677 1668 0796 1673 0801 0865 0804 0806 0749 0629 0688 0868 0690 0870 0873 0814 1653 1537 1717 1656
1672 0800 0692 0872 0813 0808 1660 1552 0860 1673 0801 1668 0796 0752 0632 0873 0868 0688 1540 1720 1661 1656 2246 0788 1612 0740 1493 1733 0620 0861 0681 1548
1677 0829 0821 0757 0697 0816 0818 1689 1681 0833 1617 0769 0709 1678 1676 0830 0828 0701 0820 0822 0637 0698 0758 0756 0696 1693 1629 1688 1690 2251 0841 1561
0819 0843 0835 0830 0711 0771 1703 1679 1695 0823 1631 1690 1571 0723 0818 0699 0834 0715 0775 0710 0770 1683 1707 1643 1702 1619 1678 0855 2265 1635 1575 0822
1700 0828 0852 0780 0720 0841 1712 1688 1704 0832 0856 1640 1580 0792 0732 0708 0768 1701 0829 0853 0724 0784 0660 0721 1692 1716 1652 1628 1568 1592 1689 1713
1702 0830 0854 0846 0843 0722 0782 0841 1690 1714 0834 0858 1703 1642 0855 0710 0734 0770 1701 0853 0829 0786 0726 0723 0662 0721 1718 1630 1570 1715 1654 1594
1704 0832 0856 0784 0724 0848 1692 1716 1700 0852 0828 1644 1584 0712 0736 0796 1705 0833 1708 0860 0836 0720 0780 0841 0664 0725 0788 0728 0849 1688 1712 1632
1705 0833 0841 0725 0846 0849 1693 1717 1701 0853 0829 1645 1585 0797 0713 0773 0737 1704 0856 0832 0834 0858 1709 0861 0837 0721 0665 0724 0786 0784 0726 0850
1707 0859 0835 0843 0846 0851 1719 1695 1703 0855 1647 1587 0775 0799 0834 0739 0858 0715 1711 0839 0863 0723 0726 0667 0786 0791 0731 0850 1715 1575 1635 1718
1717 0869 0853 0797 0737 0858 0856 0861 1729 1705 1713 0841 0865 1597 1657 0725 0749 1716 1718 0870 0868 0846 1721 0849 0873 0733 0793 0852 0854 0677 0736 0796
1722 0850 0802 0742 0863 0861 0858 1734 1723 1662 1602 0730 0851 0790 0875 0754 0814 1721 0849 0873 1718 0846 0870 0743 0682 0803 0801 0738 0859 1735 1674 1590
1724 0852 0868 0804 0744 0865 1712 1728 0856 1664 1604 0732 0792 0853 0748 0808 0869 0684 0745 0805 1716 1592 1652 1713 2298 1668 1608 0796 0736 1729 1544 0672
1734 0814 0754 0875 0873 0870 1722 1674 1735 0742 0863 0802 1733 0861 1730 0858 0694 0815 0753 0813 0750 0871 0810 0869 1723 1602 1662 1721 1718 2308 0850 1615
0003 0895 0878 1167 0951 0883 0019 0002 0894 0075 0967 1183 0007 0899 1166 0950 1239 0882 1171 0955 0018 0307 0091 1755 0023 0290 0074 0966 1182 1738 0363 1255
0005 0885 1169 0880 0882 0953 0877 0021 0009 0901 0293 0006 0004 0077 0898 0969 1185 0896 0001 0893 1173 0884 0957 0886 1168 1170 0954 1165 0876 0878 0025 0020
0021 0913 0901 1185 0898 0969 0896 0893 0005 0037 0025 0917 0885 0020 0022 0985 0880 1201 1169 0882 0953 0914 1757 0017 0877 0909 1189 0902 0973 0968 0970 1186
0024 0884 0916 0896 0972 0901 1188 0904 0040 0008 0020 0880 0096 0312 0025 0885 1172 0956 0988 0917 1204 0028 0888 0920 0968 1184 0973 1259 1189 0976 0905 0004
0027 0887 0919 0899 0902 1191 0975 0011 0023 0883 0915 0026 0886 0918 0099 0315 1207 0959 1175 0991 0031 0923 0891 0898 1187 0971 0974 1262 0906 0979 0007 0039
0031 0891 0923 0906 0979 0047 0015 0890 0922 0103 0319 0995 0963 1179 1767 0027 0887 0919 1194 1266 0902 1191 0975 0046 0335 0303 0119 1751 1783 0011 0935 0962
0035 0895 0910 1199 0983 0915 0019 0034 0894 0323 0107 0967 1183 1771 0039 0899 0982 1198 0914 1203 0987 0018 0091 0307 1755 0023 0106 1182 0966 0395 1255 1841
0036 0924 0896 0916 0913 0984 0908 0020 0048 0040 0928 0037 1212 0996 0968 1184 0925 1772 0892 0988 0917 1204 1201 1271 0985 1196 0980 0909 0024 0308 0092 0336
0050 0938 0914 0925 1214 0062 0038 0054 0918 0939 0915 0122 0049 0338 0913 1202 0986 0937 1010 1786 0910 0931 1002 1218 0999 1215 0997 1213 1282 0066 0042 0039
0915 0939 0931 0999 1215 0039 0055 0919 0943 0050 0914 0938 0123 0339 1011 0987 1227 1203 1787 1219 1003 1214 1283 0062 0038 0327 0351 1799 1775 0035 0899 0054
0053 0941 0917 0925 1217 0928 0933 0065 0041 0049 0937 0913 0054 0341 0125 0918 1013 0916 1205 0989 0940 1789 0057 0921 0924 1213 0997 1000 1218 1002 1285 1221
0054 0918 0931 1218 1002 0934 0066 0042 0050 0914 0938 0055 0919 0943 0053 0126 0342 0990 1206 0941 1014 0917 1790 0058 0922 0946 0925 1214 1219 1003 1217 0935
0920 0944 1220 1004 0933 0928 0068 0344 0128 0057 1208 1232 0921 1016 0992 1792 0916 0940 1221 1287 1000 0356 0116 0069 0140 0064 0040 0904 0345 0129 1209 1277
0066 0938 0943 0941 1014 0946 0054 0062 0931 0065 0138 1002 1218 1802 0934 0939 1010 0937 1015 1297 1013 0947 1018 1234 0050 0055 0126 0053 0342 1790 0058 0918
0069 0933 0946 1017 1233 0944 0941 0057 0357 0068 1221 0934 1805 0065 1016 1234 1232 1018 1300 0940 1013 0058 0129 0345 0053 0921 0358 0356 0140 0429 0142 1220
1021 0948 0950 1237 0877 0953 0089 0001 0074 0145 0361 0072 0893 1037 0966 0964 1253 1809 0077 0969 0876 1020 0878 1236 1238 1304 1165 1022 0954 0017 0377 0090
0076 0968 0956 0953 1240 0880 1024 0948 0092 0972 0077 0004 0148 0364 0969 0896 1256 1040 1812 0072 0964 1244 0884 0957 1028 1168 0876 1236 1020 0096 0020 0380
0082 0974 0954 0959 1246 1030 0957 0886 0962 0098 0078 0970 0083 0975 0010 0154 0081 0370 0973 0902 1046 0086 0955 0882 1242 0953 1026 0887 1247 1031 0885 1245
0089 0981 0966 0893 1037 1253 0964 0969 0105 0090 0017 0377 0161 0950 0909 1021 0980 1237 0948 0877 1053 0982 1825 0985 0953 1181 0892 1254 0894 1038 1320 1252
0994 0962 0979 0977 0906 1050 1265 0974 0086 0118 0103 0995 0963 0390 0101 1279 1250 0961 0993 0890 1066 0922 1836 0098 0990 1051 1266 1264 1194 0905 1049 1331
0122 0986 1010 1002 0999 1070 0997 1282 0110 0126 0990 1014 0123 0987 1011 0050 0121 0938 1293 0914 0985 1058 1082 1009 0982 1003 1074 1283 1071 1214 0925 1069
0125 1013 0989 0997 1285 1000 1002 0137 0113 0121 0985 1009 0126 0053 0197 0413 1014 0917 0941 1296 0988 0990 1085 1061 1012 1855 0129 0993 1017 0925 0996 1069
0129 1017 0993 1288 1077 1004 1006 0933 0117 0201 0130 0128 0417 0057 1089 1300 1278 0992 0921 1016 1018 1065 0994 1858 0125 1013 0989 1221 1287 0934 1289 1076
1029 1097 1024 1308 1026 0953 1021 0165 0153 1045 1113 0437 0148 0077 0150 0969 1040 1042 1878 0145 1037 1101 1312 0957 1028 1030 1096 1098 0954 1309 1093 1020
0151 1043 1031 1099 1026 0955 1310 1023 0167 0155 0150 0223 1042 1115 0079 1324 0971 1880 0147 1039 1030 0959 1314 1098 1309 1376 0954 1243 1022 1095 1306 0951
0158 1050 1035 0962 1317 1033 1030 0159 0230 1051 1122 0086 0157 0446 1331 1049 1887 0154 1046 1107 1383 0963 1318 1250 0961 1031 1313 1029 0462 1902 1066 0231
0160 1020 1052 1108 0964 1037 1319 1040 0176 0232 1124 1092 0448 0161 1333 0948 1053 1021 1303 0980 1889 0164 1024 1056 1109 1252 1320 1112 1323 0968 0216 0248
0165 1045 1113 1040 1042 0969 1037 0181 0169 1061 1029 0237 1097 1129 0164 0166 0453 1338 1026 0985 1056 0953 1308 1058 1024 1894 0161 1021 1053 1046 1326 0973
1028 1060 1040 1045 1325 0972 1048 0164 1056 1024 0240 1132 0456 0169 0096 1311 1029 1341 1061 0956 0988 1897 0172 1032 1112 1323 0968 1326 1259 0973 1120 1049
0171 1063 1031 1043 1046 1119 1328 0975 1051 0155 0187 0167 1059 0243 1062 1135 1030 0459 0099 1343 0959 1314 0991 1899 1035 1067 1042 1115 0971 1324 1118 1327
0179 1039 1127 1054 0983 1059 0163 1038 1111 0467 0107 0967 1907 1043 1071 1126 1404 1335 0982 1131 1058 1340 0987 0235 0451 0091 1892 0167 0195 1023 0250 1110
0181 1069 1061 1129 1056 1058 1338 0985 1053 0165 0193 0185 1045 0253 1113 1141 0180 0469 0109 0182 1040 0969 0997 1068 1070 1042 1909 1037 1133 1060 0989 1342
1076 1048 1136 1065 0992 1344 1060 0200 0172 0260 1120 1148 0116 0476 0189 1077 1353 1329 1004 1049 0976 1916 1072 1137 0993 1277 1132 1341 1061 0988 0244 0100
0197 1061 1085 1069 1145 1072 1074 1077 0185 0209 0193 1081 0269 1157 1133 0125 0198 1086 0989 1013 1342 1062 1060 0201 1065 1089 1141 1068 1070 0997 1144 1422
0202 1066 1079 1150 1355 1006 1077 1074 0214 0190 0274 1138 1162 1091 1067 0201 0490 0130 1089 1018 1346 1367 0994 1065 1928 0198 1062 1086 1427 1007 1356 1149
0204 1068 1152 1081 1357 1008 0208 1072 0276 1140 0132 0205 0492 0996 1348 1069 1930 1156 1012 1085 1153 1358 1291 1009 0264 0480 0193 1920 1056 0280 1144 0136
0208 1072 1156 1085 1012 1088 0204 1068 0280 1144 0496 0209 0136 1000 1934 0212 1076 1152 1081 1008 1357 1157 1433 1295 1013 1160 1016 1365 1089 0268 0197 0484
0214 1162 1091 1018 1089 1367 1086 0202 0215 0286 1150 1079 0142 0502 0213 1077 1355 1006 1940 0210 1074 1163 1368 1019 1439 1301 1366 1017 1158 1087 1085 1014
1110 1022 1095 1093 1371 1098 0234 0219 0146 1111 1038 0217 1109 1387 1944 0222 1114 1023 1372 1021 1305 1370 1026 1099 1097 1375 0235 0522 0238 1126 0147 1039
0224 1096 1028 1101 1104 0240 0220 1112 0512 0225 1950 0228 1120 1024 1097 1373 1029 1311 1378 1032 1381 0236 0241 0244 1132 0148 1040 0508 1389 1113 1946 0440
0226 1118 1098 1030 1101 1379 0242 0222 1114 0227 0154 1046 1119 0225 0514 1395 1952 0230 1122 1099 1026 1375 1097 1031 1029 1313 1380 1378 1107 1383 0238 0243
0227 1119 1099 1031 1380 1107 0243 0223 1115 0226 0155 1118 0515 1396 1953 0231 1098 1376 1030 1379 1314 1035 1384 0242 0171 0531 1969 0247 1135 0151 0222 1043
0229 1121 1033 1382 1104 1101 0245 0157 1049 0517 0230 0228 1122 1120 1955 0225 1032 1381 1383 1029 1378 0244 1971 0241 1137 0156 0158 0445 1048 1050 1886 0518
0230 1122 1107 1383 0231 0158 1050 0229 0518 1121 1399 1956 0226 1118 1035 1033 1384 1317 1382 1030 1379 1101 0247 0245 0534 1972 0242 1138 0159 1051 0519 0446
0240 1132 1112 1120 0224 0236 1096 1028 1060 0241 1409 1133 1101 0244 1104 1136 1040 1113 1389 1325 1045 1394 1048 1121 1397 0252 0220 0225 0512 1982 1950 0260
0241 1133 1101 1113 1045 1394 1118 1121 0225 0237 1129 1097 0169 1029 1061 0529 0240 0242 1132 1378 1410 0245 1137 1112 1114 1390 1326 1046 1395 1049 1122 1120
0247 1139 1107 1051 1122 1400 1119 0263 0231 1138 1035 1067 1384 1416 1973 0243 1135 1050 1399 1332 1118 1396 0191 0262 0159 0230 0551 0519 1957 1989 0259 0227
0252 1112 1140 1132 1056 1405 1129 1124 0236 0264 1144 0180 1068 1040 0253 0540 1417 1113 1141 1389 1978 0248 1108 1060 1133 1409 1337 1406 1052 1125 1401 0268
0258 1146 1118 1130 1135 1062 1133 1138 0242 1142 1114 0259 0186 1119 1147 1074 1046 0546 1395 1145 1423 1984 0262 1122 1150 1058 1131 1129 1063 1061 1410 1066
0275 1163 1139 1150 1079 1428 1147 0287 0263 0274 1138 1067 1162 1091 0563 1416 1440 0271 1135 1159 1427 1356 1075 1146 1424 0262 0215 0286 0191 0575 0551 2013
0285 1149 1089 1160 1162 1438 1157 0273 0213 1077 0284 0286 0573 1426 1148 1150 2011 0281 1145 1366 1088 1439 1085 1156 1434 1158 0201 0274 0561 1999 0269 1137
1170 1175 0886 1246 1173 0294 1186 1742 0299 1191 1747 0010 0297 0370 1189 0902 0302 1194 1750 1171 1242 0882 1169 0887 1247 0885 1245 1447 1179 0890 1250 0310
0301 1193 1749 1176 1249 0889 1173 0317 1765 0373 0302 0013 0300 0905 1194 1264 1821 1750 0297 1189 0961 1450 1248 0890 0888 1250 1172 1245 0885 0389 0316 1835
0302 1194 1750 1179 1250 0890 1766 0303 1751 0374 0301 1265 0906 1193 1749 1822 1251 0891 0889 0962 1451 1249 1175 1246 0886 1173 0319 1767 0390 0317 1765 1836
1206 1186 1191 0902 1189 1194 0330 1778 0310 1170 1202 1758 0315 1175 1207 0026 0386 1205 0886 1173 1246 0918 1761 1832 1766 1187 0898 1257 1185 1262 0974 0901
0316 1208 1176 1764 1193 0904 1188 0300 0388 0317 0028 1209 1277 0888 1248 0920 1765 1834 0312 1204 1172 1264 0905 0976 1459 1259 1189 0404 0012 0333 0372 0301
0319 1179 1767 1194 1266 1191 0303 0335 1751 1783 1766 0031 0391 1251 0923 1280 0891 1837 0315 1175 1207 0906 1265 0979 1462 1262 0302 0334 1750 1782 0015 0047
1184 1212 1772 1204 1271 1201 1196 0336 0308 1756 1784 0328 1188 0325 0036 0396 1185 1281 0924 1256 0896 1213 1773 0320 1180 1768 1275 1205 0916 0984 0913 1463
0334 1194 1782 0922 1209 1279 1206 0346 1794 1766 0335 1223 1783 0406 0333 0046 0934 1221 0906 1265 1193 1289 1849 1781 0330 1218 1778 0923 1280 1278 1472 0994
0335 1223 1783 1280 0923 1207 0319 0347 1767 1795 0334 1194 1782 0047 0407 1290 0935 1266 1850 1219 1191 1779 0922 1279 0995 1473 1206 1276 0919 0346 1794 1766
0340 1204 1212 0928 1217 1284 1220 0352 0328 0336 1224 1784 0341 0412 1205 0916 1295 0940 1275 1789 1854 0344 1208 1232 1792 1281 0924 1213 1285 1000 1478 1287
0346 1234 1794 1223 1221 0934 1289 1218 0334 0358 1782 1806 0347 1235 1795 0058 0418 0345 0946 1279 1233 1301 0922 1209 1859 0342 1206 1790 1290 0935 1006 0933
0350 1214 1227 1293 0938 1225 0338 1786 1218 1802 0351 1215 1799 0349 0062 0422 1213 1282 1863 1797 1297 1294 0939 1010 0937 1487 0342 1790 0339 1787 0050 0337
0352 1224 0940 1295 1232 0340 0348 1212 1796 0424 0064 0353 1284 1217 0928 1865 0356 1220 1291 0936 1225 0941 1012 1296 1489 0944 1233 0336 1784 0341 0412 1789
0353 1217 1225 1296 0941 1233 0341 1789 0349 1213 1797 0065 0352 0425 1285 1218 1866 1802 0357 1221 1805 0937 1224 1013 1297 1295 0940 1490 1234 1232 1300 0337
1218 1802 1297 1234 0342 1790 0350 1214 0355 1219 1803 0353 0066 0426 1217 1867 0358 1806 1227 0938 1225 1293 0943 0941 1296 1014 1235 1233 1301 0946 0338 1786
0355 1219 1803 1227 0943 1235 1791 0351 1215 1799 1218 1802 0427 0931 1286 0359 1223 1807 1294 0939 1297 1015 1492 1234 1302 0947 0339 1787 0342 1790 0055 0415
0365 1245 1308 1242 1240 1169 0953 1237 0381 0369 1260 0577 0437 0293 0364 0077 1256 1185 1257 1454 0969 1812 2015 1878 0361 1253 1809 1244 1173 1246 0957 1446
0386 1246 1832 1257 1262 1260 0974 1327 1265 0370 0382 1242 1829 1247 1276 1833 0385 0098 0458 1447 0990 1245 1206 1313 1468 0390 1279 1250 1836 1258 1186 0970
0388 1248 1277 1834 1329 1264 1459 0976 1259 0372 0404 1847 0389 0316 0596 0100 1344 1249 1449 1315 0992 1208 0960 1176 1470 1278 1835 2033 1900 1764 0384 1275
1253 1197 1334 0981 1267 0377 1825 0105 0465 0394 0392 1181 1320 1254 1252 1769 1905 1838 0397 1843 1198 0982 1196 0980 0909 1335 1053 1333 0985 1201 1271 1338
0394 1254 1198 0982 1335 0378 1826 0395 1255 1841 0106 0466 0966 1182 1253 1906 0398 1282 1257 1199 0983 0981 1197 1054 0910 1334 1274 1202 0986 1464 1339 0379
0395 1255 1841 1199 0983 1274 0379 1827 0394 1254 0107 0323 0467 1183 0967 1907 1771 0399 1283 1258 1844 0982 1198 1335 1203 0987 1465 1340 0378 1826 0307 0451
0397 1843 1338 1201 0985 1271 0381 0409 1852 0401 1285 1260 0469 0398 0325 0601 0396 0109 1256 0997 1213 0969 1257 1281 1185 1454 1282 1773 2038 1909 1253 1205
0398 1282 1257 1274 1464 0986 1339 1202 0382 1829 0399 1258 1283 1844 0470 0110 0326 0397 1455 1186 0970 1214 1349 1476 1843 1774 2039 1910 0394 1254 1276 0990
0421 1862 1296 1358 1293 1291 1225 1009 1486 0409 1852 0425 1285 1866 0493 0349 0133 0422 0625 1213 0997 1282 1281 1797 1931 1863 2061 1013 1297 1295 1490 1224
0427 1286 1294 1297 1492 1015 1302 0415 1856 1283 1864 0426 1867 0631 0499 0355 1003 1480 1219 1352 1803 2067 1937 0431 1290 1872 1293 1227 1011 1014 1363 1087
0428 1287 1869 1365 1493 1232 1300 1016 1295 1857 0429 0632 0356 0500 0140 1481 1353 1004 1288 1220 1870 1938 2068 0424 1284 1865 1233 1017 1088 1366 0944 1494
1323 1311 1373 1240 1308 1024 1303 0452 1893 0440 1325 1881 0508 1389 1946 0437 0636 0148 0364 1040 1256 1812 2072 1878 1319 1873 1312 1028 1501 1244 1096 1441
0445 1886 1382 1317 1249 1506 1315 1033 1312 0461 1901 0517 1955 0157 0446 0645 0373 0444 1331 1329 1264 1049 1518 1821 2081 1887 0441 1326 1381 1565 1383 1032
1335 1305 1891 1387 1038 1320 1254 0466 0434 1906 1875 0522 0451 1403 1371 1306 1892 0449 0378 1022 1054 1304 1334 1238 1890 1826 0454 1309 1339 1895 1388 1386
0451 1306 1892 1388 1039 1255 1324 0435 0467 1907 0523 1335 1404 1305 1372 1961 1891 0163 0379 1239 1023 1827 0455 1310 1340 1896 1387 1038 1254 1111 0967 1258
0461 1901 1049 1331 1264 1518 1329 1326 0477 0445 1917 1886 1414 1382 1971 0389 0657 0462 1344 1249 1317 1315 1065 1506 1033 1278 1529 1346 1835 1902 1900 1312
0467 1907 1404 1335 1340 0451 1892 0539 0466 1388 1906 1977 0395 0179 1255 1039 1841 1324 1350 1911 1403 1127 1054 0983 1408 1339 1059 1274 1524 0523 1891 1961
0477 1354 1917 1414 1278 1529 1065 1344 1346 1342 0461 0489 1901 1927 0549 1426 1987 0669 0405 0189 0476 1353 1329 1077 1288 1264 1049 1355 1541 1518 1331 1848
0484 1341 1923 1348 1284 1072 1353 0496 1934 0480 1357 1337 1920 0556 1409 1433 1994 0676 0412 1060 1342 1525 1275 1295 1548 2110 1854 0488 1344 1365 1926 1417
0494 1349 1932 1363 1431 1546 1082 1358 1293 0482 0498 1936 0566 1350 1419 1933 2004 0493 0686 0206 0422 1282 1534 1070 2120 1931 1863 1435 1550 1297 1086 1432
1350 1933 1432 1083 1294 0483 1922 0499 1352 1937 0494 1420 1349 2005 1932 0207 0687 1535 1283 1071 1864 2121 1363 1436 1087 1431 1293 1082 1546 1155 1011 0487
0496 1934 1357 1433 1295 1548 1365 0484 1923 0492 1348 1930 2006 0424 0688 0497 0208 1072 1284 1865 1935 2122 0500 1353 1938 1291 1358 1544 1434 1156 1608 1296
0497 1935 1358 1434 1549 1363 1085 1296 1366 0493 1931 0569 1422 2007 0209 0425 0498 0689 0496 1285 1537 1866 1934 1936 0501 1354 1430 1081 1357 1545 1157 1435
0499 1352 1937 1363 1436 1087 1368 0487 1925 1350 1933 0571 0498 1424 1936 2009 0691 0427 1075 1286 1539 2125 0503 1356 1432 1294 1083 1435 1297 1086 1550 1159
0509 1390 1947 1378 1308 1373 1097 1375 1370 0525 0513 1394 1951 0437 1878 0697 0510 0508 1389 1113 1391 1946 1948 2131 0505 1386 1943 1312 1379 1561 1101 1498
0512 1950 1373 1311 1560 1378 1381 0508 1389 1946 0440 1325 1881 0224 0700 0513 1572 1394 1951 2134 0516 1397 1954 1096 1501 1312 1028 1101 1561 1315 1382 1104
0520 1401 1369 1958 1319 1108 1386 1389 0536 0504 1942 1974 0448 1333 1303 1889 0232 1370 1402 1092 1124 1959 0524 1373 1405 1962 1320 1109 1323 1112 1568 1390
1376 1408 1396 1391 1324 1115 1571 1388 1981 0531 1380 1969 0526 0455 1375 1340 1310 1964 1896 0711 1099 1131 2145 0523 1404 1372 1961 1395 1328 1575 1119 1114
1409 1389 1325 1572 1394 1397 0512 1950 1982 0524 1405 1373 1962 0456 1311 1341 1897 0712 0240 0529 1378 1132 1560 1410 1584 2146 1381 1970 1323 1112 1390 1568
1382 1414 1971 1121 1399 1397 1394 0517 0549 1987 1955 0461 1901 0717 0245 0534 1565 1415 1381 1137 1383 1589 1970 1972 0529 1378 1410 1331 1049 1329 1518 1120
0542 1391 1419 1980 1339 1408 1406 1130 1403 0526 1964 0546 1395 1423 1984 0470 1420 1349 1981 1910 0541 0722 1114 1390 1570 1418 1142 1594 2156 1979 0538 1387
0546 1395 1423 1984 1410 1415 0530 0558 1996 1968 0542 1419 1391 1980 0474 0547 1424 1396 1327 1985 1914 0726 0258 0545 1118 1422 1146 1394 1598 1574 2160 1983
0547 1424 1396 1985 1408 1343 1587 1135 1416 0531 0559 1969 1997 1420 1981 0546 0475 1395 1328 1352 1423 1984 0259 1147 1119 1575 1599 2161 0551 1400 1428 1989
0548 1425 1397 1986 1344 1588 1136 1414 1409 0560 1970 1998 0476 1353 1329 1916 0549 0260 0728 1148 1120 1426 1576 1987 2162 1982 1528 1137 1589 1341 1410 1132
0556 1433 1409 1994 1417 1596 1422 1144 1425 1982 2006 0552 1405 1990 0484 1341 1923 0736 0268 1434 1584 1410 1608 1132 1156 2170 1995 0560 1998 1348 1418 1140
1417 2002 1433 1357 1152 1430 1604 0552 1990 2006 0492 1348 1930 0276 0744 1592 1418 1140 2003 2178 1434 1608 1156 1358 1544 1153 1605 0556 1994 0480 1920 0264
1425 2010 1365 1438 1160 1612 1433 0560 1998 0500 1353 1938 0284 0573 0752 1148 1426 2011 2006 1088 1366 1552 1613 1156 1434 1608 0488 1926 0561 0740 1999 0556
0577 1454 2015 1446 1498 1441 1443 0589 2027 0581 2019 0637 0576 0578 0365 1453 1455 1510 2016 2073 2014 1447 1245 1445 1617 1169 1240 1499 1242 1308 1237 0593
1479 2042 1526 1468 1466 1471 0593 0617 2054 0601 1454 2038 0604 0665 0401 0606 1478 1260 1285 1514 1457 1537 2041 2043 2100 0609 1482 1460 2046 1463 1522 1464
0613 1486 2050 1479 1476 1474 0625 0601 2061 2038 0617 1490 2054 0409 0673 0614 1487 1522 1545 1464 1485 1463 1852 2049 2051 2107 1478 1285 1537 1653 1213 1281
0627 1477 2063 1492 1487 1294 0615 2052 0631 1480 2067 0626 1476 2062 0687 1283 1535 2121 1864 1293 1667 1546 1227 0619 2055 0614 2051 0675 1853 2109 1465 2563
0630 1487 1492 1550 1297 1490 1495 0618 0626 1476 2062 0631 1480 2067 0629 0426 0690 1479 1538 1867 2065 0634 1483 2070 1293 1486 1546 1296 1549 1363 1496 1494
0636 2072 1501 1616 1498 1441 0648 2084 0640 1513 2076 0756 0696 1628 1568 2130 0576 0637 1323 1510 1453 2014 2073 1560 1311 1445 1676 1373 1617 1240 1308 1303
0641 1514 2077 1498 1621 1561 1312 1503 1446 1501 1506 0653 0637 1510 2073 0701 1573 1633 2135 2195 0441 0581 0642 0640 1326 1513 1515 2078 2076 2019 0645 1518
0648 1521 2084 1513 1568 1628 1323 1453 1510 0636 0660 2072 0652 1525 1501 2088 0768 0708 1640 1580 1616 2142 2202 0452 0588 0649 1522 1337 1441 1498 1463 2026
1524 1500 2087 1516 1511 1571 1631 1324 1456 0663 0639 2075 2098 0655 1527 1504 2091 0771 0711 1523 1643 1619 1499 2145 2086 2205 0455 0591 1340 1310 1444 1465
0673 1522 1545 2107 1537 1593 1653 1532 1534 0661 2119 0677 1549 1526 0793 0733 1581 1605 2227 0613 0481 0672 0674 1358 1486 1338 1544 1521 1523 1546 2050 2106
0676 1525 1548 2110 1532 1596 1656 1478 1537 1540 0688 0664 2122 2099 0672 1544 1521 2106 0736 0796 1584 1668 1644 1608 2170 0616 0677 0484 1549 1526 1466 1489
0687 1535 2121 1546 1667 0675 2109 0691 1539 2125 0747 0686 1595 1655 1534 2120 2181 2241 0627 1350 1477 1933 2063 1550 1671 1492 1727 1666 1606 1432 1487 1294
0691 1539 2125 1671 1550 1492 1555 0687 1535 2121 0690 0751 0811 1538 1599 2245 2185 0499 0631 1352 1480 1937 2067 1543 2129 1667 1546 1731 1610 1436 1363 1615
1541 2127 1673 1613 1554 1366 1494 1552 1549 0681 2115 0813 0753 1661 2247 2187 0501 0633 0694 0692 1540 1354 1542 1482 2128 2126 0689 1537 1733 1612 1438 1672
0696 1568 2130 1560 1676 1373 0708 2142 0700 1572 2134 0816 0636 1688 2072 2250 0508 0697 1389 1946 2131 1501 1680 1561 1616 1677 1498 1369 0712 2146 0828 0648
0697 2131 1561 1498 1677 1558 0709 2143 0701 1573 2135 0637 1689 1510 2251 2073 0698 0696 0509 1390 1568 1570 2130 1947 1681 1378 1560 1617 1308 1676 1499 1678
0699 1571 2133 1563 1679 1500 1558 1376 0711 2145 0703 1575 2137 0819 0639 0698 1570 2253 2075 1683 1504 1380 1678 1619 1499 1375 1310 1372 0715 2149 0710 2087
0702 1574 2136 1558 1563 1682 1503 1561 1379 0714 2148 0698 1570 0703 0642 0822 1575 1515 2078 2137 0514 0701 1395 1573 1952 2135 0706 2140 1499 1678 1375 1683
0706 2140 1507 1686 1565 1383 2152 0646 0707 0826 1698 1579 1519 2082 2260 2141 0518 1399 1956 2139 0702 1574 2136 1626 1508 1687 1384 1317 1685 1506 1382 1563
0707 1579 2141 1687 1508 1384 1563 0719 0647 0706 0827 1520 1699 2140 2261 0519 1400 1957 0703 1575 2137 1627 1686 1507 1383 1318 1504 1683 1380 0659 0839 2273
0709 1581 2143 1573 1689 1510 1570 1390 1568 0721 0697 2131 0713 1561 1585 2147 0829 0649 1677 1522 1701 1498 2263 2085 0525 0708 0710 1406 1580 1558 2142 1514
0717 1589 1565 1697 1518 1576 1573 2139 0657 0837 1529 1685 1506 1709 2271 0716 1588 1382 1414 1564 1590 1971 2150 2152 0713 1561 1585 2147 1517 1696 1698 1519
1590 2152 1519 1579 1698 1399 1574 0706 0730 2140 0658 0838 0719 1507 1530 1686 1591 2094 0534 0717 1565 1589 1383 1415 1972 0714 2148 1638 1520 1699 1697 1331
0722 1570 1594 2156 1523 1702 1581 0734 0710 2168 0726 1574 1598 2160 0723 0662 1595 1571 1511 1690 1714 1534 2276 2157 0721 0542 1593 1419 1391 1980 1587 1585
0723 1571 1595 2157 1587 1524 1703 1408 0711 0735 2145 2169 1599 1575 2161 0722 0843 0663 1715 1594 1535 1570 2156 2098 2277 1420 1981 1707 1527 1523 1702 1643
0726 1598 1574 2160 1587 1585 1590 0714 0738 2148 2172 0722 1594 1570 2156 0666 0846 1575 1718 1538 1599 1515 2161 2280 0725 0546 1573 1395 1423 1597 1984 2159
0740 1612 1588 1540 1720 1425 1596 0728 0752 2162 0860 1552 1708 1528 2294 0560 1589 1613 1998 0736 1584 1608 2170 1660 1353 1721 1541 1426 1716 1597 0692 0668
1589 1613 1541 1721 1426 1602 1597 0753 2187 0861 0681 1709 1733 1529 2295 2115 0561 0742 0740 1438 1588 1414 1590 1612 1999 0737 1585 1609 2171 1661 1354 1720
0747 1595 2181 1727 1606 1432 0735 2169 0751 1599 2185 0867 0687 1535 1594 1715 2121 2180 2301 1420 2005 1731 1610 1436 1667 1726 1546 1431 0739 2173 0855 0734
0751 1599 2185 1731 1610 1436 1615 0739 2173 0747 1595 2181 0750 0871 0691 1598 1539 1719 2184 2125 2305 0571 1424 2009 1603 2189 1606 1727 1432 1550 1671 1730
0754 1602 2188 1734 1615 1554 1613 1439 1610 0742 0694 1722 1603 1542 2308 2189 2128 0753 0574 1427 2187 0750 1598 2184 1674 1735 1555 1440 1367 1733 1438 1550
0758 1630 2192 1622 1619 1499 1678 1617 0770 2204 0762 1634 2196 0818 0638 1631 1511 1690 2252 2074 2193 0757 1629 2191 1682 1623 1503 1621 1558 1500 1679 1677
0760 1632 2194 1616 1501 1680 1621 0756 1628 0820 0640 1513 1692 2076 1633 2195 1636 2198 1676 1617 1560 1445 1681 1684 1505 1625 0768 2202 0832 0652 2266 2088
1636 2198 1684 1505 1625 0776 2210 0824 1696 1517 2258 2080 2199 0760 1632 2194 1564 1449 1506 1685 1680 1501 1621 0656 0836 2270 2092 0777 2211 1648 0704 1576
0777 1649 1625 2211 1697 1518 1636 1638 1633 2223 2199 0657 0837 1506 1709 1685 1529 2271 0776 0778 1626 1648 1650 2210 2212 0773 1621 1645 2207 1517 1460 1696
1629 1653 2215 1645 1701 1522 1640 1642 0793 0769 2227 2203 1657 1633 0661 0841 1713 1689 1510 2275 0782 0780 1630 1628 1652 1654 2214 2216 1526 1705 1646 1644
0799 1647 1671 2233 1655 1719 1539 1658 1663 0811 2245 2221 0795 1667 1643 2229 0859 1707 1527 1646 1731 2232 2293 0803 1651 1675 2237 1535 1715 1654 1538 1718
0805 1653 2239 1669 1545 1666 1664 0793 2227 1657 0865 1713 2299 2119 0806 0804 1654 1652 2240 2238 1549 1729 1668 1605 1486 1724 1544 1726 1546 0797 2231 0673
0810 1658 2244 1666 1730 1550 1671 1669 1674 2232 0806 1654 2240 0870 0690 0811 1538 1718 2245 2304 1657 0814 1662 2248 1546 1667 1726 1731 1610 1549 1729 1675
1703 1679 2265 1695 1571 1631 1690 0819 0843 2277 2253 0835 1707 1683 2269 0771 0711 0830 1702 1643 1619 1678 2145 2264 2205 1575 1635 1570 1630 0823 2281 2257
0834 1682 1690 1574 1634 1695 1693 1698 0846 0822 2280 0830 1678 1702 2264 0714 0774 0835 1622 1707 1646 1683 2269 2148 2208 0833 1681 1705 2267 0838 1686 1570
0846 1718 2280 1702 1707 1646 1705 0858 0834 2292 1690 1714 2276 0726 0786 1719 1574 1695 1658 1598 1634 2281 2220 2160 1693 1717 2279 0850 1698 1722 1642 1703
0850 1722 1698 1711 1650 1590 1709 0838 2296 0851 0730 0790 1638 1699 1602 1662 1723 2224 2285 0849 1721 1697 2283 0846 1718 2280 1651 1591 1530 1589 1649 1707
0865 1713 2299 1729 1605 1726 1724 0853 2287 0869 1717 0805 0745 1653 1593 2239 2179 0866 1712 1714 2298 2300 1609 1669 1728 1730 1545 1604 1664 1666 1606 0793
0872 1720 2306 1612 1672 1733 1728 0860 2294 0752 1660 2246 0873 1721 0868 1716 2302 1552 1613 1673 1668 1608 1729 0800 0740 2234 0861 2295 0856 1708 2756 0692
1164 1737 1808 2310 1180 1824 1753 0876 1165 1236 1756 1168 1809 1812 2311 0892 1252 1181 2314 1184 0288 1768 1825 0948 1237 0877 1757 1828 1169 1240 0880 0304
1755 1167 1738 1811 1743 2313 1183 1754 1166 1827 1239 1759 1171 1810 1742 1815 2312 1182 2369 1255 0895 2317 1187 1771 1826 1238 0878 0951 1758 1170 0883 1243
1756 1168 1812 2314 1184 1172 1757 1828 1169 1240 0880 1164 1816 2014 1737 1808 2318 1188 2370 1256 1185 0896 2310 1180 0292 1772 1761 1173 0884 1244 2026 1441
1757 1169 1742 1737 1185 1761 1173 1758 1756 1168 1170 1753 1165 1812 2015 1738 1809 2319 1189 2371 2314 1184 1186 2311 1181 0293 1773 0885 1172 1245 2027 1828
1172 1816 2318 1188 1756 1168 1761 1173 1244 0884 1764 1176 1812 2018 1749 2314 1184 2319 2373 1259 1189 2322 1757 1828 1240 0880 1169 1245 0885 1445 0956 1834
1761 1173 1749 2319 1189 1757 1169 1245 1172 0885 1765 1742 2019 1816 1821 1750 1185 2320 2374 2318 0901 1188 1260 1193 0297 1777 1756 1758 1168 1170 1832 0884
1742 1747 1750 2320 1758 1170 1175 1832 1761 1173 0886 1246 1766 1743 1819 2020 1751 1822 1749 1186 2321 1191 2375 2319 1189 0902 2324 1194 1778 1759 1171 1757
1764 1176 1749 2322 1834 1765 0888 1248 1172 2022 1821 1816 1193 0904 2318 1188 0300 1835 2033 1449 0960 0889 1249 1761 1173 0884 1244 0316 2338 1208 2023 2018
1768 2310 1180 1824 1753 1756 2326 1196 1164 2311 1808 1769 1737 1838 0892 1252 1181 1772 2314 1184 1825 1757 1828 2381 2327 1165 1236 0876 1197 1267 0908 1168
2318 1188 1756 1761 1764 2334 1172 1204 2314 1772 1184 1777 1816 1845 2373 2319 1189 1259 2322 1757 1828 1834 1765 1168 2335 2389 1173 1275 1205 0916 0884 1244
2320 1778 1758 1761 1832 1766 2336 1206 1742 1774 1186 1747 2321 1779 1191 1777 2375 2319 0902 1189 2324 1782 1750 1194 1759 1757 1829 1833 1767 1836 1765 1202
1779 1747 2321 1191 1759 1833 1767 2337 1207 1175 1743 2317 1775 1187 1778 2320 1819 1846 1262 2325 1783 1751 1758 1832 2032 1766 1837 2333 1203 1171 2336 1206
2328 1754 1198 1771 1769 1774 2312 1182 1755 2329 1199 2383 1826 1753 2327 0910 1197 1786 1758 1202 1841 1775 1773 2313 1183 2311 2368 1254 1181 0894 2344 1214
2334 1204 1772 1777 1845 2318 2346 1188 1784 1756 1789 2335 1854 1761 2389 1205 0916 1275 1792 2338 1764 1208 1773 2041 1781 1847 2314 1184 1212 2400 2319 2347
1764 1792 2338 1208 1781 1847 2350 2322 1220 2339 1857 1765 1834 1277 0920 1209 2334 1204 1848 1845 1777 2351 1221 1193 1287 0904 2318 2346 1188 1858 1835 2393
2346 1784 1854 1789 1792 2334 1204 1796 1772 1212 1777 1845 2347 1865 2400 0928 1284 1217 2350 1220 1851 1785 1855 2053 1857 2354 1224 2335 2359 2389 2412 1295
2351 1781 1805 1221 1858 1792 1794 1789 2339 2363 1209 1233 1782 2350 1848 1870 2352 1806 2405 0933 1288 1220 2347 1777 1217 1857 2057 1859 1855 1790 2362 2393
2356 1786 1802 1799 1863 1797 2344 1214 2360 1790 2357 1787 1227 2410 1785 2355 1225 1293 0938 1803 1867 1864 1862 2062 2348 1218 2345 1215 2343 2398 1282 1213
1796 1865 2346 1784 2354 1224 1854 2359 1789 2412 1295 0940 2362 1792 1232 1797 1866 2064 1805 1869 1212 2347 2400 1217 0928 1284 2350 1220 0352 1851 2408 2355
1789 2359 1797 1802 1866 1805 2347 1217 2355 1785 1225 1790 2360 1855 2413 1296 0941 2363 1233 1862 1796 1867 2065 1865 1806 1870 2343 1213 2346 2401 2348 1218
2362 1792 1232 1805 1869 2350 1220 2416 2363 1857 1233 0944 2068 1870 1865 2351 1221 1287 2346 0356 2056 1858 2568 1016 1300 1493 1789 2412 1854 2359 1295 0940
1812 1878 2015 1809 2371 1245 1829 1757 1828 1894 2027 1308 1242 1240 0953 1169 1825 1237 2019 1816 1742 2014 2073 2016 1879 1737 1874 1810 1808 2374 1260 2370
1829 1242 1815 1879 2016 1742 1810 1257 1832 1246 1243 1895 2028 1758 1170 1443 0954 1309 1826 1238 1819 1883 2020 1880 2017 1743 2074 2015 1878 1811 1809 1738
1245 2019 1816 1821 2374 1260 1832 1761 1244 1446 0957 1173 1312 1246 1835 1249 1812 2015 1878 2018 1881 2020 2077 1883 1749 1822 1886 2023 2371 2319 2375 2373
1832 1246 1819 1883 2020 1822 2375 1829 1242 1833 1247 1245 1447 1313 1836 1250 1815 1742 2016 1879 1884 1747 2021 2078 2019 1823 1821 1887 1750 1257 1262 2374
1834 1248 1821 2022 1816 2033 1764 1835 1900 1249 1176 1315 0960 1449 1244 1886 2080 1749 2023 1881 2018 2378 2534 2322 2429 1264 0976 1329 1459 2373 1259 0372
1815 1844 1258 1833 1829 1896 1759 1827 2388 1243 1274 1846 1819 1262 1257 2317 2017 1775 1743 1880 1911 2040 0971 1456 1324 1187 1811 1841 2369 1255 1832 1899
1816 2373 1845 1259 1828 1897 1834 2389 1275 1244 2370 1812 1256 2018 2530 2426 2318 2374 1881 2041 1457 1188 0972 1260 1325 1847 1756 2026 1893 1761 2088 1764
2382 1825 1838 1905 1769 1843 2367 1253 1826 2327 1890 2381 2434 1824 2383 1753 1267 1197 1334 0981 2386 1852 1768 1906 1773 2038 1909 2311 2421 2368 1181 1320
1826 2383 1841 1906 2368 1254 1827 2384 2328 2382 2435 1891 1754 1825 0982 1198 1335 2387 1829 1907 1771 1769 1905 1844 1774 1843 2039 1910 2369 1255 2367 2422
1828 1851 2385 1271 1845 1908 1772 1843 2037 1838 2370 2396 1281 1256 1854 2389 1275 1756 1893 2026 2437 1784 1920 2049 1852 2386 0984 1463 1337 1824 2381 1267
2408 1851 1291 1865 1930 1796 2060 1862 2396 1281 1854 2412 1295 1784 2049 1852 1920 2354 2560 2409 1008 1485 1224 1357 1866 1934 2064 1797 2061 2118 1931 2400
2415 1856 1864 1867 1803 1937 2067 1872 2403 1286 1853 1294 1297 1791 2465 2055 2361 1925 1015 1492 2419 1860 1302 1863 2063 1933 1799 1936 1802 2125 1871 1807
1892 1306 1875 1945 1811 1880 2423 1891 1961 1372 1305 1827 1239 1023 1896 1310 1944 1810 1879 1815 2075 2422 1388 2369 1039 1255 1324 0435 1907 1371 1826 1022
1893 1881 1946 2072 1812 1878 1873 2424 1323 1897 1311 1962 1373 1828 1894 2084 1024 1308 1240 1889 1303 1950 1816 2076 2130 1947 2073 2014 1942 1808 1874 2426
1312 1878 1951 1883 2077 1881 1886 2427 1326 1894 1308 1378 1897 1029 1313 1311 1245 1901 1947 2073 1879 1952 1950 2135 1816 2019 2078 2076 1955 1887 1821 2081
1900 1315 1954 1886 2080 1881 2429 1329 1970 1381 1901 2092 1834 1505 1248 1032 1897 1311 1955 2138 2022 1821 2081 1950 2076 1816 1397 2430 2580 1517 1048 2426
1914 1883 1327 1895 1968 1899 1832 2090 1902 1313 1910 1879 1884 1984 2428 2480 1952 1328 1395 1913 2427 2078 2375 2578 1046 1326 1515 1918 1887 2431 1331 1964
1889 2433 1333 1974 1905 1838 1908 2420 1319 1958 2486 1401 2381 1890 2434 1824 1334 1052 1267 1893 2437 1920 1337 1975 1978 1909 2470 2421 1320 1252 2424 2448
1897 1923 1341 1908 1982 1845 1913 2099 1916 2451 2426 1325 1893 2437 1920 1337 1994 2494 1409 1854 2088 2389 2588 2110 1342 1060 1275 1525 2444 1926 1900 1344
1925 2443 1899 1343 1911 1985 1914 2101 1846 1919 2428 1328 1352 1896 2440 1922 1340 1924 1969 1997 2091 1856 1833 2391 2589 1276 1527 1063 2447 1903 1347 1981
1909 1931 2449 1852 1920 2107 2459 2438 1338 1358 1913 1935 2003 1979 2503 1418 1843 1908 2397 2448 1910 1862 2119 1932 2595 1930 1069 1348 1349 1905 1995 1923
1919 2457 1356 1928 1860 2117 1925 2469 2447 1347 1368 1918 2013 1940 2513 2456 1989 1355 1428 1872 2407 2129 1850 2105 1290 1543 1079 1937 1352 2000 1859 2116
2467 1927 1366 2011 1870 1940 2127 1938 1935 2455 1354 1999 1438 2613 2468 1928 1926 2115 1858 2466 1365 1089 1300 1367 2463 2010 2187 1869 2128 1871 2126 2007
2469 1368 1940 2013 1872 2129 1937 2457 1356 1928 2468 1367 1440 2419 1860 2117 2615 1091 1302 1555 2465 1925 2189 2128 1871 2071 2009 1936 2125 2456 2513 1428
1376 1953 1880 1948 2133 1945 1969 1380 1964 1896 1375 1310 2145 1099 1961 1372 1952 1884 2137 1879 2075 1944 2481 1396 2476 1391 1324 1115 1571 1388 1981 1968
1944 1976 1387 1891 1961 1959 1964 2488 1403 1371 1906 1875 1945 1977 2422 1388 1975 1943 2471 1110 1386 2476 1980 1948 1391 1892 1890 1895 2435 2489 1372 1335
1947 1979 1390 1894 1964 2143 1962 1959 2491 1406 2479 1951 1983 1394 1909 1878 2131 1948 1978 2476 2617 2474 1946 1980 1113 1389 1391 1975 1943 2471 1386 2147
1981 1969 1896 1964 2145 1961 2493 1376 1408 1985 1953 2481 1396 1880 1948 2476 1911 1980 1324 1391 2133 2157 1115 1571 1977 1945 1388 1968 1899 2149 1895 2087
2478 1982 1950 1962 1897 2146 1970 2494 1409 1978 2474 1946 1389 2426 1881 1325 1951 2134 2479 1983 2158 2620 1572 1394 1986 1954 1397 1893 2142 2088 2147 1900
2479 1951 1983 1394 2147 1968 1971 2495 1410 1378 1947 1979 1390 2427 1913 1326 2135 1950 2621 2480 1982 2478 1984 2159 1952 1573 1395 1987 1955 2483 1894 1962
2003 1979 2503 1418 1995 1990 2515 2491 1430 1406 1983 2507 2007 1422 1909 2449 1931 2641 1978 2502 2504 2002 2179 2004 1980 1141 1417 1419 1593 1975 2171 1994
1980 2504 2004 1419 1996 1993 2168 2516 2492 1431 1984 2008 2508 1423 2005 1981 1910 1932 1420 1349 1979 2503 2003 2156 2642 2180 1142 1594 1418 1976 1924 1997
2513 2013 1989 1428 2000 2177 1997 1440 1416 1919 1988 2512 2457 1427 1356 2651 2189 2165 1603 2509 2009 1985 1424 1928 2117 1996 1925 2173 2447 2524 2500 2469
2000 2524 1439 1940 2013 2188 2011 2008 2512 1427 2468 1928 1367 1440 1999 2662 1162 1438 1996 2520 1435 2189 2128 2187 2009 1936 2007 2184 2513 2456 1355 1428
2035 1451 2082 1822 2023 2020 2536 1461 2036 1452 2034 1836 2094 1507 1250 1450 1447 1823 2200 1887 1821 1750 2081 2021 2019 2078 2537 1462 2379 2582 2535 1460
2036 1452 1823 2021 2537 1462 2035 1451 1837 1508 1251 2032 1448 2201 2082 1822 1888 1751 2020 1819 2079 2536 1461 2380 2583 1266 1520 2533 1458 2048 0587 2094
2017 2040 1456 2032 2028 2087 2540 1465 1444 2044 2021 2533 1458 2039 2016 1455 2575 2098 1815 1844 2075 1258 1833 2091 1829 2086 2205 1759 1896 1827 2544 1448
2041 2530 2018 1457 2026 2088 2033 2541 1466 1445 2037 2526 2014 1453 1845 2019 2076 2042 1816 2373 2099 1259 1513 2534 2022 1459 2027 1828 2084 1897 1834 2092
2042 2019 2027 2034 1446 2038 2015 2527 1454 2018 2577 2077 2374 2100 2020 2532 2043 2530 2041 1457 1260 1514 2535 2046 2023 1460 2026 2085 2028 2207 1761 1832
2545 2033 2056 1470 1847 2102 2046 2041 2534 2556 1481 1459 2092 2034 1834 2057 1857 2590 1277 1471 1528 2053 2541 1466 2222 1916 1848 2103 1845 2099 2042 2557
2566 2062 2067 1867 2065 2070 2554 2051 2562 1487 2055 1492 2054 2565 2610 1297 1550 1490 2058 2570 1495 2063 1863 2120 2061 2125 2244 1866 1802 1936 2071 1871
2057 2569 1494 2070 2127 2068 1870 2065 2557 1482 2058 2056 2568 1858 2570 2613 2115 1493 1495 1300 2054 2565 1490 2247 1869 1805 2128 2126 1871 2064 1866 2405
1508 2201 2082 2141 1888 2079 2583 1520 2094 1627 1507 2036 1903 1452 1318 2091 1504 2261 2140 2200 1957 1887 1823 2197 2137 2078 2021 1884 2675 2582 1639 1519
2077 2100 2577 1514 2085 2147 2207 2088 2090 1526 2573 2073 1510 2669 2159 2621 2195 2135 1573 1633 2042 2076 2427 1913 2019 2099 2078 2578 1513 1515 1326 2081
2581 2103 2081 1518 2211 2034 1901 2094 2092 2591 1506 1529 2223 2673 2199 2139 2625 2430 2023 2080 2046 2102 2580 1886 1917 2535 2582 2104 2082 1460 1519 1517
2105 2583 1520 2094 2036 1903 2091 1508 1531 2675 2582 2201 2082 2141 2104 2165 1579 1639 1519 2432 1919 2048 1888 2537 1462 1332 2079 2101 1516 2212 2273 2152
2084 2584 2106 1521 2099 2214 2154 1908 2037 2572 1532 2110 2088 2588 1525 2628 2226 2142 2676 2202 1640 1580 2049 2026 1893 2107 2585 2437 2085 1920 1522 1337
2585 2085 2107 1522 2100 2215 1909 2038 2595 2573 1510 1526 2143 2203 2227 2629 1581 2584 2027 1894 2438 2084 2106 2050 2586 2108 2086 1338 1521 1523 2159 2099
2100 1537 2107 2231 2171 2054 2110 2115 2609 1526 1549 2119 2595 2693 2159 2183 1597 1657 2099 2042 2065 1913 1935 2122 2598 2553 1479 1538 2103 2127 1541 2227
1538 2108 2172 2232 1924 2116 2610 1550 2596 2120 1534 2160 2184 2220 2244 2125 2101 2694 2599 2646 1658 1539 1598 2554 1936 2100 2452 2043 1914 1537 2104 2128
2125 2101 2599 1539 2109 2233 2173 2055 1925 2117 2611 2589 1527 2597 2098 2121 1535 2161 2245 2221 2185 2695 2647 1599 1538 2067 1937 2044 1352 1480 2105 2129
2600 2126 2102 1540 2234 1926 2056 2115 2110 2590 2612 1552 1528 2162 2246 2222 2648 2696 1660 1916 2454 2103 2127 1938 2068 2556 1541 1481 1353 2122 2099 2598
2609 1549 2119 2183 1935 2122 2065 2127 1537 2605 2107 1545 2657 2231 2171 1609 1669 2608 2054 2463 2565 2110 2610 1490 1548 1550 2613 2115 2239 2179 1931 2120
2610 1550 2120 2125 2184 2244 1936 2128 1538 2606 2108 1546 2658 2611 2232 2172 1610 1924 2609 2566 2464 1363 1549 2614 2116 1554 2180 2240 2121 2119 1932 2062
1558 2136 2252 2133 2074 1948 2131 1570 2148 2086 2145 2264 1678 1499 1964 2143 1375 2137 2078 2135 1952 2253 2075 2192 1879 2073 2251 1947 1944 2622 1574 2574
2156 1570 2148 2145 2086 2264 1964 2143 2630 1558 2136 2622 2160 1574 2714 2276 2252 2157 2574 2133 2074 1690 1511 1571 2131 2476 1980 1948 2617 1391 2090 2149
2139 2625 2271 2152 1971 2150 2147 2637 1589 1565 2283 2259 2103 2581 2721 2081 1697 1518 1987 2483 2162 2138 2626 2624 2140 1955 1576 2135 2159 2621 1573 2211
2141 2165 1579 2273 2152 1973 2149 2639 1591 2626 2261 2105 2583 2723 2140 2285 1520 1699 1957 1989 2485 1400 2161 2623 2137 1575 2094 1972 1903 2091 2269 2148
2629 2143 1581 2159 2275 1979 2156 2154 2617 2641 1593 2171 2633 2147 1585 2585 2107 2725 2287 2263 2085 1522 1701 2628 2491 2142 2168 2630 1406 1580 2100 2279
2637 1589 2103 2283 1987 2162 2159 2649 2625 2733 2115 2295 2271 2591 1529 1709 2150 2499 1971 2638 1999 2152 1414 1590 1588 2147 2633 2171 1585 2223 1917 2102
2152 2638 1590 2104 2165 1988 2160 2650 2626 1602 2639 2296 2177 2116 2094 2734 1591 1530 2500 2000 1972 2637 1415 1589 2634 2148 2172 2224 2105 2285 2103 2283
2178 2154 2640 1592 2170 2286 2106 1990 2652 2628 1604 1580 2158 2182 1596 2274 2118 2736 2298 1712 1532 2179 2002 2502 1978 2641 1593 1417 2110 1994 2171 2226
2641 2179 1593 2171 2107 2287 2168 2653 2629 1605 1581 2159 2183 1597 2595 2275 2119 2299 1713 2503 2178 2154 2003 2640 1979 2642 2156 2180 1592 1418 1594 2170
2648 2162 2294 1998 2170 2660 1612 1588 2306 2126 2600 2282 2102 1540 1720 1986 2010 2649 2187 2510 1425 2158 2182 1596 2234 2295 1926 2115 1999 2110 1994 2171
2649 2187 2115 2295 1999 2171 2637 2661 1589 1613 2127 2745 2103 2283 1541 1721 1987 2162 2188 2511 2650 2011 2648 1426 1602 2183 2159 1597 2235 2294 2116 2296
2650 2188 1602 2116 2296 2177 2000 2172 2638 2662 1590 2651 2308 2165 2746 2104 2602 2128 2189 1542 1603 1722 1988 2512 2187 2649 1427 2184 2160 2646 1598 2117
2660 1612 2126 2306 2010 2187 2182 2648 2294 2756 2612 1552 2522 2661 1998 1613 2170 2656 1608 2246 1938 2127 2011 2302 2122 2006 2183 2600 1540 1720 2649 2510
2202 1616 2194 2250 2072 2191 2664 1628 2084 2262 1676 2203 1617 2076 2195 2130 2014 2073 2251 1632 2572 2712 1688 2665 1629 0756 2214 2088 2266 1501 1680 2207
2194 2218 1632 2202 2266 2088 2207 2210 2680 1644 2664 2214 1628 2278 2716 2076 2099 1513 1692 2195 2669 1633 2222 2198 2672 1636 2084 2262 2203 2146 2267 2270
2201 2675 1639 2273 2212 2209 1651 1627 2674 2285 2583 2105 2261 2200 2723 2224 1520 1699 1638 2197 2671 2221 1635 2094 2036 2091 2269 2208 2735 2686 1687 1650
2207 2231 1645 2215 2279 2100 2218 2220 2223 2669 2693 1657 1633 2203 2227 2729 2267 1526 1705 2682 2680 2232 2208 1644 1646 2685 2235 2211 1649 2275 2216 2214
2237 1651 2105 2285 2224 2221 2675 2699 1663 1639 2117 2735 2212 2273 2686 1711 1531 1650 2209 2233 2683 1647 2104 2165 2048 2101 2220 2281 2747 2674 2723 2583
2692 2242 2218 1656 2226 2110 2231 2234 2680 2704 1668 1644 2214 2238 2688 1652 2302 2740 2598 2099 2278 2122 1716 2693 1657 2222 2696 2246 1660 2286 2106 2227
2698 2248 2224 1662 2296 2237 2116 2235 2232 2686 2710 1650 1674 2249 2104 2128 2602 2308 2699 2746 1542 1722 1663 2223 2247 2697 1661 2220 2244 2694 1658 2117
2231 1669 2239 2242 2244 2247 2693 1657 2701 2227 2609 2753 1729 1549 2232 2704 1668 2235 1673 2299 2119 2238 2240 2183 2065 2302 2122 2304 2127 2248 2246 1653
2266 1680 2250 2194 2134 2255 2258 2716 1692 2262 1676 2146 1560 2267 1681 2270 1684 2130 2251 2076 2135 2195 2198 2138 2259 2712 1688 2620 1572 1632 2717 1693
1682 2252 2136 2257 2196 2255 2260 2264 1678 2269 2208 2148 1622 1683 2267 1681 1686 2253 2192 2251 2078 2197 2137 2195 2135 2261 2200 2140 2259 2714 1690 2670
2280 2264 2269 2208 2148 2267 2730 1682 2276 2252 2714 1690 2670 2719 2160 2196 2136 2220 2257 2622 2281 1574 1634 1695 2255 2717 2279 1693 2260 2722 1698 2204
2722 2260 1698 2152 2273 2212 2271 2734 1686 2140 2626 2674 2723 2285 2261 2224 2200 1699 1638 2283 2259 2721 1697 2280 2094 2211 2269 2148 2208 2267 2638 2686
2734 2296 2285 2224 2283 2280 2746 2722 1698 1722 2152 2735 2638 2686 2212 2273 1711 1650 1590 2271 2733 2295 1709 2730 2292 2104 2165 2223 2160 2220 2281 2279
2740 2278 2302 1716 2286 2170 2294 2728 1728 1704 2298 2274 2736 1712 2218 2242 2158 2692 2182 1656 1596 2279 2741 1717 2282 2306 1720 2226 2287 2110 2231 2171
2279 2741 1717 2287 2231 2171 2292 2295 2753 2729 1729 1705 2299 2275 1713 2159 2183 2693 1657 1597 2278 2742 2302 2304 2740 2280 1716 1718 2283 2745 1721 2227
2309 2747 2285 1723 2177 2237 2296 2293 2735 1711 1735 2165 2308 2249 2746 2189 2699 2651 1722 1663 1603 2305 2281 1719 2117 2233 2292 2173 2639 2734 2711 1734
2753 1729 2299 2183 2304 2302 2741 1717 2287 2749 2171 2657 2231 1669 1609 2292 2754 1728 1730 2295 2757 1733 2239 2179 2298 2300 2242 2182 2184 2244 2187 2247
2757 2295 1733 2187 2247 2308 2306 2745 1721 2661 2235 1673 1613 2294 2296 2756 1734 2753 1729 2127 2248 2188 2246 2183 2302 2304 2649 2697 1661 2746 1722 1720
1757 2331 2319 2371 2314 2311 1773 1761 2335 1758 2386 1756 1753 2327 2318 2374 2320 2370 2527 2310 2367 2312 1777 1772 1843 1774 1742 1737 1769 2343 1185 2334
1758 2320 2317 2312 1774 1742 2336 2333 1759 2331 1829 1757 2387 2328 1754 2321 2375 2319 2371 2313 2311 2368 1778 1775 1743 1773 1738 2344 1186 2337 1761 2335
2339 1765 2378 2324 2322 2319 1781 1749 1766 2393 1835 2338 2340 1764 1761 2335 2379 2535 2374 2318 2320 1848 1750 1821 1782 1777 2351 1193 2034 1834 1836 2394
1772 2314 2334 2331 2385 2326 1756 1784 2318 2346 2343 1773 2396 2370 2310 1768 2389 2335 2386 2381 2327 1757 1828 1851 1785 2354 1777 2319 1845 2347 2400 2373
2344 1774 2336 2333 2387 2331 2328 1786 1758 2348 1778 2320 1775 2345 2317 1773 2343 2398 2312 2337 2335 2388 2386 2539 2329 2327 2383 1790 1787 1759 1757 1785
2354 1784 2346 2343 2396 1796 1772 2334 2331 2385 1851 2355 1785 2408 2326 2347 2400 2549 2397 1773 1797 1768 2314 1212 1854 2335 1789 2359 2412 2389 1852 2049
2346 2354 2412 2359 2362 1796 2347 1865 2400 2350 2355 2408 2413 2363 2416 1784 1789 1854 1792 2334 2343 1797 2396 1866 2064 2552 2401 2800 1805 2351 1869 2409
2381 1824 2367 2310 2420 2370 1838 1808 1889 1825 2433 2326 2382 2385 1828 2421 2311 2314 2424 2371 2526 1873 1768 1809 1812 1252 1753 1890 2434 2327 1893 2760
2388 2317 2369 1844 1815 1833 2391 1829 2387 2763 1759 1896 2440 2540 2333 2384 1827 2375 2321 2533 2428 2575 2368 2423 2313 1819 1846 2017 1775 1743 2775 2040
2391 1833 2375 2533 2428 2321 2380 1846 1819 2388 1832 2032 2544 2443 2337 2767 1899 2395 1837 2317 2320 2532 2379 2325 2432 2537 1844 1815 1779 1747 2044 2021
1834 2378 2429 2322 2534 2373 1847 2545 2393 1900 2033 2338 2444 1835 2768 1764 2389 2430 2535 2580 2374 2530 2318 2426 2022 1848 2780 1821 1916 1816 1845 1765
1847 2444 2545 2393 2338 2389 1857 1834 2405 1848 2378 1916 2780 2534 2350 2429 2322 2454 2556 2400 2373 1845 2339 2445 2590 2390 2334 2541 1858 1835 1792 1764
2416 1857 2454 2350 2556 2405 2400 1869 1847 2444 2466 2792 1792 2056 2362 1858 2545 2338 2568 2393 1926 1854 2412 2389 2351 2557 2600 2455 2346 2401 2451 2552
2399 1864 2415 2410 2461 2357 2563 1853 2403 2398 1863 1799 2799 2345 1933 2450 2063 2551 2465 2361 2356 2562 2460 2607 1856 2052 1922 1787 2787 2388 1294 1867
1867 2402 2410 2415 2413 2464 2566 2360 2398 1863 2403 1866 2802 1802 2452 1936 2554 2401 2348 1871 2406 2562 2409 2356 2460 2465 2361 2359 2463 2610 2565 2419
1870 2405 2569 2416 2363 2467 2413 1858 1869 2406 1805 2805 1871 2351 2455 2557 1866 2401 2568 2466 2362 2468 2570 2364 2613 2412 2565 2359 2463 2793 1857 2057
2406 1871 2419 2570 2364 2468 1859 1872 2407 1870 2456 2806 1940 2070 2405 2558 1806 2352 1867 2402 2571 2365 2469 2363 2569 2614 2467 2415 2360 2464 2413 2566
2440 1896 2428 2575 2423 1911 1880 2443 1899 1895 2439 2493 2388 2587 2087 1892 2436 2481 2476 2574 2422 2369 1884 1879 1981 1910 1844 2098 2823 2075 1815 1907
2451 2426 2437 2494 2588 2389 2444 1897 1923 2424 2448 1908 2478 1982 2506 2099 2400 2373 2824 2598 2427 1845 1913 2429 1916 2454 2490 2438 2385 2584 2495 2632
1914 2452 2439 2443 2496 2446 1924 1910 2428 2508 1984 2480 2578 2427 1913 2826 2402 2375 2431 1918 2456 2440 2492 2438 2387 2586 2495 2634 2589 2391 2390 2543
2465 2443 1925 2450 2509 2452 2599 2403 2457 1937 2461 2440 1922 2464 2521 1997 1924 2839 1856 2391 2611 2415 2589 2447 2469 2399 2597 2508 2402 2647 2456 2513
1930 2448 2462 2514 2408 2604 2459 1920 2451 1934 2502 2002 2118 2844 2396 1931 2449 2518 2412 2463 2608 2515 2652 2409 2605 2560 1923 1990 1851 2106 2832 2437
2488 2422 2471 2476 1976 1944 2489 1961 1891 2435 1959 2487 2492 1964 2423 2421 1906 1977 1875 1945 1943 1975 1980 1948 1387 2436 1892 2434 1890 2493 2439 1895
1961 2489 2423 1945 1977 2436 1892 2488 2493 2422 2476 1907 1944 1976 1981 1388 2435 1891 1896 1964 2492 2440 2859 2145 1372 1404 2575 1906 1875 1911 1980 1880
2491 2479 2617 2476 2474 2471 1947 1979 2495 1894 2438 2629 1962 2490 2492 1964 2143 2857 2487 1959 2427 2478 2621 2480 2573 2424 2616 2421 2470 1983 1951 1909
2493 2481 2476 1981 1969 1964 1896 2440 2492 2859 2145 2489 1961 2480 2428 2623 2575 2423 1985 1953 1911 1980 1880 1948 2157 2871 2133 1977 1945 1899 2496 1968
2498 1970 2429 2624 2483 2478 1986 1954 2444 1900 2150 2864 1971 2499 2494 2580 2430 2625 2426 2479 2620 1916 1987 1955 2162 2138 2876 1982 1950 2510 1397 2445
2509 2481 1985 2493 2496 2443 2635 1997 1969 1981 1984 2508 2428 2480 2623 2647 2161 2513 1989 2485 2492 2440 2634 2589 2500 2447 2639 1993 1968 1925 1899 1996
2485 2513 1989 2500 2447 2639 1973 1988 2457 1919 2432 2484 2512 2651 2165 2879 2481 2509 1985 2446 2638 2496 2443 2635 2000 1972 1903 2177 2891 2867 1969 1997
2517 1993 2493 2509 2504 2450 2643 2005 1981 1997 2521 2516 2461 2492 1922 2440 2169 2655 2489 2508 2647 2642 2597 2009 1985 1933 1911 1980 2004 2157 2871 2181
2511 2011 2467 2524 2661 2522 2519 1999 2455 2512 2649 2187 2010 2510 2007 2507 2468 2613 2466 2660 2662 2463 2518 2657 2520 1927 1998 2000 2889 1995 2499 1438
2513 2013 2524 2469 2521 2512 2457 2651 2903 2189 2009 2509 2468 2615 2662 2520 2465 2000 2891 2177 1997 1440 2456 1940 2650 2188 2902 2129 2855 1937 2008 2508
2762 2028 2539 2532 2527 2574 2039 2016 2774 2543 2540 2763 2086 2810 1829 2027 2761 2387 2586 2533 2375 2578 2575 2666 2371 2573 2368 2020 2043 2778 2040 2017
2540 2763 2533 2575 2017 2775 2040 2767 2544 2032 2539 2028 2762 2388 2087 2587 2532 2574 2317 2369 2021 2044 2039 2016 2774 1844 1815 2098 2823 2075 2551 1456
2765 2527 2577 2532 2374 2530 2535 2777 2042 2019 2761 2027 2541 2390 2813 2543 2764 2769 2034 2526 2573 2371 2669 2319 2375 2373 2578 2427 2534 2378 2536 2581
2549 2037 2772 2526 2541 2385 2584 2026 2760 2784 2049 2530 2041 2552 2370 2572 2773 2550 2038 2820 2527 2396 2389 2588 2676 2386 2437 2585 2381 2764 2788 2053
2042 2777 2553 2541 2543 2390 2789 2765 2054 2038 2773 2527 2550 2778 2532 2374 2043 2401 2041 2552 2577 2530 2100 2554 2046 2781 2535 2557 2386 2585 2539 2335
2557 2046 2781 2535 2591 2393 2545 2547 2793 2769 2057 2034 1848 2782 2556 2534 2103 2378 2581 2558 2405 2780 2536 2829 2047 2042 2553 2777 2685 2339 2394 2590
2055 2791 2544 2551 2554 2599 2403 2559 2044 2803 2067 2052 2540 2787 2563 2790 2543 2566 2611 2589 2415 1856 2391 2839 2548 2059 2571 2795 2597 2399 2695 2402
2800 2552 2064 2560 2565 2608 2412 2568 2053 2788 2796 2060 2549 2553 2122 2065 1865 2400 2848 2801 2598 2556 2068 2804 2408 2561 2604 2704 2413 2609 2462 2569
2803 2067 2563 2566 2611 2415 2571 2791 2055 2799 2551 2063 2554 2802 2125 2403 2599 2807 2071 2559 2562 2607 2610 2707 2361 2465 2570 2615 2419 2052 2787 2790
2812 2088 2588 2572 2620 2530 2577 2426 2580 2076 2099 2824 2084 2808 2584 2860 2632 2680 2908 2146 2764 1897 2813 2541 2092 2816 2590 2664 2616 2526 2573 2424
2589 2091 2815 2575 2578 2671 2623 2428 2533 2583 2079 2827 2101 2087 2587 2090 2209 2911 2149 2863 2814 2635 2683 2767 1899 2032 2443 2544 2819 2574 2670 2719
2582 2830 2104 2602 2638 2686 2547 2591 2446 2116 2094 2842 2818 2105 2926 2583 2626 2224 2674 2831 2878 2650 2698 2581 2829 2047 1918 2103 2558 2431 2536 2782
2583 2105 2831 2639 2447 2548 2589 2819 2843 2117 2699 2582 2830 2602 2675 2879 2104 2165 2651 2783 2432 2537 2457 1919 2048 2559 2101 2827 2599 2735 2686 2638
2106 2584 2604 2832 2598 2688 2640 2595 2549 2448 2844 2118 2820 2608 2836 2588 2110 2676 2226 2628 2880 2652 2928 2437 2107 2560 1920 2784 2585 2833 2605 2049
2591 2115 2613 2841 2697 2649 2455 2602 2600 2557 2127 2853 2829 2103 2661 2685 2937 2235 2889 2637 2467 2445 2840 1927 2057 2590 2569 2793 2612 2842 2116 2614
2117 2843 2615 2699 2602 2651 2457 2559 2599 2855 2831 2129 2105 2842 2177 2711 2116 2237 2891 2639 2614 2939 2469 2571 2795 2447 2548 2059 2839 2611 2589 2698
2630 2858 2622 2574 2714 2476 2617 2870 2156 2148 2634 2086 2810 2859 2954 2586 2145 2264 2726 2143 2857 1964 2629 2492 2578 2623 2480 2621 2666 2715 2575 2713
2859 2145 2623 2715 2575 2157 2133 2871 2149 2635 2863 2087 2858 2587 2265 2727 2955 2630 2493 2622 2719 2481 2574 2714 2476 2161 2137 2156 2253 2075 2823 2098
2639 2867 2626 2583 2723 2485 2623 2879 2165 2141 2819 2638 2735 2152 2963 2273 2866 1973 2863 2635 2149 2675 2722 2582 2484 2432 2622 2719 2481 2261 2140 2878
2157 2643 2871 2635 2587 2630 2727 2493 2859 2145 2169 2161 2623 2647 2277 2715 2098 2156 2575 2642 2823 2870 2597 2739 1981 2731 2634 2589 2679 2726 2586 2492
2876 2162 2648 2624 2732 2590 2498 2637 2632 2888 2864 2150 2600 2828 2102 2282 2580 2972 2720 2649 1986 2625 2510 2877 2158 2620 2872 2684 2733 2591 2444 2499
2884 2632 2656 2170 2640 2598 2740 2506 2648 2182 2158 2896 2872 2880 2652 2628 2110 2980 2588 2608 2836 2728 2171 2885 1994 2633 2518 2494 2657 2660 2888 2736
2885 2633 2171 2657 2641 2741 2507 2646 2649 2159 2183 2629 2653 2981 2729 2753 2837 2609 2519 2886 2170 1995 2884 2656 2632 2495 2634 2658 2172 2637 2889 2661
2899 2647 2185 2655 2611 2755 2658 2521 2173 2643 2181 2599 2184 2995 2898 2646 2125 2305 2509 2009 2189 2903 2651 2654 2607 2751 2517 2610 2754 2707 2520 2465
2189 2651 2903 2662 2615 2177 2891 2129 2902 2309 2747 2855 2650 2188 2013 2513 2185 2899 2647 2711 2614 2469 2524 2611 2755 2658 2521 2117 2843 2987 2173 2639
2205 2679 2907 2671 2575 2715 2666 2193 2217 2919 2911 2683 2209 2265 2727 2204 2087 2906 2955 2587 2719 2670 2714 2574 2221 2923 2197 2098 2253 2075 2823 2192
2908 2680 2664 2716 2669 2672 2194 2920 2218 2202 2904 2676 2588 2728 2956 2812 2266 2088 2207 2912 2210 2684 2572 2712 2665 2620 2530 2717 2577 2580 2720 2673
2215 2665 2917 2725 2585 2676 2227 2203 2905 2921 2693 2669 2573 2713 2965 2595 2821 2275 2664 2666 2216 2214 2688 2918 2690 2729 2682 2680 2629 2584 2726 2586
2690 2216 2666 2918 2682 2586 2726 2679 2204 2906 2228 2922 2220 2670 2694 2822 2574 2276 2691 2714 2966 2596 2217 2919 2665 2917 2215 2730 2683 2727 2587 2630
2693 2921 2669 2729 2682 2680 2685 2207 2231 2933 2917 2665 2215 2717 2741 2279 2577 2969 2100 2922 2670 2694 2218 2920 2692 2220 2673 2223 2697 2925 2725 2585
2699 2675 2686 2735 2683 2915 2939 2237 2926 2698 2105 2674 2723 2747 2831 2285 2224 2583 2975 2221 2695 2671 2923 2639 2734 2548 2731 2682 2589 2273 2914 2987
2227 2701 2693 2595 2688 2690 2239 2917 2941 2215 2231 2933 2585 2287 2107 2725 2605 2833 2749 2977 2928 2226 2676 2228 2702 2741 2692 2694 2641 2736 2596 2550
2940 2238 2688 2704 2604 2701 2226 2928 2944 2692 2242 2844 2736 2298 2118 2239 2941 2608 2652 2560 2605 2749 2932 2286 2832 2976 2106 2227 2676 1664 2740 2992
2691 2241 2943 2707 2607 2751 2702 2229 2931 2947 2695 2245 2942 2597 2739 2690 2240 2301 2121 2611 2755 2606 2750 2655 2563 2935 2233 2109 2835 2228 2979 2289
2693 2945 2701 2609 2753 2704 2933 2231 2941 2239 2741 2993 2849 2694 2944 2244 2692 2242 2946 2247 2697 2949 2749 2605 2702 2657 2565 2610 2754 2608 2757 2613
2244 2946 2694 2702 2707 2610 2754 2710 2232 2240 2942 2690 2304 2695 2947 2850 2742 2245 2945 2693 2698 2248 2950 2606 2750 2701 2755 2611 2658 2609 2753 2566
2697 2247 2949 2757 2613 2708 2710 2937 2235 2853 2997 2745 2127 2246 2948 2248 2950 2696 2698 2693 2945 2661 2612 2569 2756 2614 2753 2609 2704 2115 2985 2841
2730 2714 2622 2670 2719 2717 2722 2970 2280 2726 2264 2954 2959 2148 2208 2682 2634 2269 2731 2910 2267 2729 2962 2734 2666 2715 2713 2623 2578 2671 2669 2621
2736 2274 2712 2964 2728 2628 2676 2725 2286 2952 2976 2262 2278 2740 2716 2214 2640 2688 2616 2664 2868 2154 2275 2965 2713 2632 2680 2729 2584 2629 2980 2266
2749 2725 2977 2287 2741 2641 2736 2965 2299 2989 2275 2981 2729 2753 2629 2653 2701 2227 2750 2978 2286 2976 2288 2726 2693 2742 2740 2595 2690 2640 2642 2688
2750 2978 2288 2726 2742 2690 2739 2642 2276 2990 2300 2966 2982 2754 2730 2292 2630 2702 2168 2289 2979 2727 2882 2654 2751 2228 2749 2725 2977 2287 2646 2694
2755 2731 2293 2983 2739 2647 2742 2695 2747 2971 2995 2305 2281 2289 2979 2727 2751 2292 2730 2935 2707 2683 2754 2233 2982 2635 2173 2987 2735 2691 2643 2694
2984 2732 2294 2756 2648 2696 2745 2740 2972 2306 2282 2684 2660 2888 2936 2234 2708 2733 2757 2295 2985 2980 2728 2600 2697 2649 2692 2741 2948 2900 2162 2876
2736 2298 2652 2749 2286 2976 2740 2992 2302 2640 2178 2892 2688 2238 2940 2989 2299 2704 2656 2753 2604 2653 2701 2980 2880 2226 2928 2287 2977 1724 2242 2896
2992 2740 2302 2656 2704 2753 2756 2980 2298 2736 2182 2692 2242 2944 2896 2993 2741 2306 2652 2749 2608 2657 2660 2708 2757 2976 2286 2884 2932 2170 2981 2984
2746 2308 2998 2662 2710 2757 2754 2296 2188 2248 2698 2650 2950 2902 2309 2747 2997 2745 2304 2742 2711 2614 2661 2755 2658 2753 2938 2987 2985 2295 2292 2982
2747 2309 2711 2755 2987 2746 2699 2651 2903 2308 2249 2189 2998 2951 2995 2305 2662 2710 2615 2754 2707 2296 2177 2939 2237 2891 2983 2293 2735 1735 2950 2698
2778 2532 2762 2767 2814 2765 2770 2543 2774 2533 2777 2578 2826 2375 2782 2536 2763 2761 2810 2910 2815 2813 2771 2769 2818 2539 2544 2547 2790 2775 2822 2574
2541 2788 2764 2772 2824 2777 2780 2530 2552 2760 2784 2588 2765 2812 2836 2789 2389 2792 2768 2545 2773 2820 2920 2781 2828 2549 2526 2400 2553 2598 2373 2534
2791 2544 2767 2775 2778 2827 2783 2533 2787 2540 2763 2543 2790 2391 2815 2589 2839 2771 2795 2548 2774 2823 2826 2923 2782 2831 2551 2532 2554 2403 2599 2537
2798 2774 2790 2787 2834 2785 2539 2562 2802 2554 2778 2775 2799 2551 2773 2398 2550 2797 2596 2822 2791 2838 2789 2835 2833 2566 2543 2563 2540 2561 2387 2586
2575 2823 2815 2810 2907 2859 2763 2587 2827 2871 2574 2822 2919 2775 2814 2863 2911 2767 2858 2955 2906 2762 2589 2586 2679 2540 2440 2835 2087 2671 2923 2578
2837 2813 2821 2921 2824 2826 2777 2829 2577 2833 2809 2585 2861 2633 2885 2933 2789 2812 2814 2588 2838 2836 2765 2817 2841 2591 2917 2869 2773 2820 2822 2969
2606 2834 2850 2894 2942 2845 2798 2596 2838 2610 2835 2882 2702 2654 2607 2605 2833 2562 2460 2946 2898 2802 2849 2943 2990 2893 2799 2941 2797 2597 2690 2642
2607 2835 2943 2799 2597 2839 2611 2834 2655 2606 2931 2563 2461 2787 2899 2850 2947 2803 2894 2942 2798 2599 2643 2691 2596 2551 2450 2823 2121 2610 2707 2935
2611 2839 2899 2947 2850 2803 2855 2599 2835 2607 2707 2935 2838 2610 2791 2465 2843 2615 2943 2799 2995 2946 2898 2802 2951 2854 2903 2807 2597 2647 2695 2125
2874 2622 2858 2814 2863 2861 2866 2634 2870 2623 2826 2970 2578 2621 2480 2878 2626 2810 2859 2954 2857 2910 2815 2959 2813 2818 2962 2867 2865 2630 2730 2635
2885 2633 2861 2869 2969 2872 2874 2877 2621 2857 2629 2813 2729 2981 2837 2634 2860 2884 2495 2886 2632 2865 2889 2637 2965 2821 2870 2868 2921 2970 2824 2826
2863 2635 2871 2874 2971 2827 2879 2623 2647 2859 2983 2731 2589 2886 2959 2815 2634 2839 2639 2891 2867 2870 2823 2923 2826 2970 2878 2975 2831 2643 2622 2719
2893 2641 2869 2885 2833 2977 2882 2880 2653 2629 2845 2965 2595 2989 2821 2870 2642 2503 2892 2894 2868 2640 2837 2981 2886 2884 2976 2832 2978 2834 2633 2657
2643 2871 2979 2882 2835 2655 2899 2647 2739 2823 2894 2642 2870 2597 2886 2983 2839 2834 2931 2978 2635 2727 2630 2587 2607 2751 2654 2517 2493 2169 2859 2971
2899 2647 2839 2983 2886 2891 2635 2871 2643 2646 2971 2874 2995 2827 2898 2599 2509 2903 2651 2879 2835 2882 2979 2838 2935 2982 2987 2843 2655 2589 2731 2611
2878 2902 2650 2891 2842 2889 2886 2662 2638 2746 2974 2879 2651 2830 2903 2854 2602 2998 2649 2512 2877 2898 2646 2874 2843 2938 2987 2841 2985 2982 2838 2885
2655 2899 2894 2643 2882 2835 2751 2979 2607 2654 2517 2898 2995 2990 2943 2647 2597 2642 2739 2181 2871 2839 2658 2611 2886 2755 2983 2521 2606 2834 2978 2931
2657 2885 2893 2849 2993 2896 2898 2653 2753 2609 2837 2981 2884 2519 2658 2886 2656 2889 2661 2845 2989 2894 2892 2945 2992 2848 2850 2853 2997 2902 2900 2641
2661 2889 2997 2853 2900 2902 2649 2985 2613 2841 2757 2662 2888 2660 2657 2885 2949 2852 2998 2854 2993 2849 2896 2898 2745 2511 2648 2650 2187 2877 2937 2467
2669 2921 2905 2813 2908 2910 2913 2665 2917 2969 2577 2717 2670 2922 2920 2673 2925 2809 2953 2904 2906 2861 2812 2956 2765 2814 2817 2961 2912 2914 2729 2680
2904 2928 2676 2920 2964 2820 2917 2688 2664 2908 2932 2680 2952 2808 2976 2584 2832 2905 2824 2921 2868 2821 2772 2965 2692 2712 2572 2736 2665 2214 2940 2812
2939 2915 2975 2926 2831 2923 2675 2699 2686 2963 2914 2735 2987 2819 2938 2843 2683 2911 2935 2974 2830 2879 2783 2971 2922 2827 2674 2723 2583 2747 2698 2671
2917 2941 2933 2833 2977 2928 2701 2693 2921 2945 2821 2965 2595 2989 2845 2688 2918 2942 2690 2940 2837 2981 2932 2785 2976 2834 2978 2832 2585 2605 2749 2725
2918 2942 2690 2931 2834 2978 2702 2946 2922 2694 2966 2822 2919 2691 2596 2943 2990 2917 2941 2935 2838 2982 2933 2882 2835 2979 2977 2833 2682 2606 2750 2726
2946 2694 2922 2982 2935 2838 2933 2938 2682 2690 2942 2918 2850 2695 2970 2826 2923 2947 2742 2693 2945 2921 2950 2926 2698 2834 2978 2931 2983 2886 2839 2981
2717 2969 2953 2861 2956 2961 2729 2713 2965 2621 2669 2921 2970 2716 2721 2973 2905 2857 2952 2954 2813 2860 2908 2910 2865 2913 2960 2962 2725 2633 2730 2728
2970 2954 2959 2910 2962 2730 2714 2966 2622 2670 2922 2719 2971 2874 2717 2969 2974 2722 2906 2955 2858 2953 2814 2911 2863 2861 2866 2963 2914 2961 2726 2731
2955 2727 2979 2971 2919 2871 2966 2739 2715 2731 2983 2959 2679 2726 2931 2954 2978 2859 2907 2970 2923 2823 2870 2918 2719 2643 2691 2714 2277 2683 2863 2911
2980 2956 2728 2964 2920 2872 2969 2972 2740 2716 2952 2976 2932 2860 2632 2908 2680 2884 2981 2729 2984 2960 2732 2868 2965 2824 2921 2924 2876 2973 2736 2712
2998 2746 2974 2938 2987 2985 2982 2734 2926 2650 2950 2878 2698 2975 2747 2902 2997 2973 2745 2970 2742 2939 2891 2842 2937 2889 2886 2983 2981 2638 2686 2710
2976 2992 2940 2892 2989 2736 2980 2880 2928 2652 2749 2977 2896 2944 2993 2844 2893 2941 2740 2640 2688 2964 2298 2884 2656 2932 2704 2753 2981 2604 2832 2653
2979 2751 2995 2943 2990 2739 2983 2755 2750 2978 2655 2931 2899 2947 2894 2942 2691 2643 2301 2707 2935 2982 2754 2654 2702 2882 2607 2835 2289 2727 2898 2946
2754 2982 2990 2995 2946 2898 2993 2998 2742 2750 2978 2755 2886 2983 2658 2753 2981 2894 2942 2989 2947 2899 2850 2945 2950 2902 2997 2646 2694 2741 2746 2304
2984 2756 2900 2948 2997 2992 2660 2888 2708 2936 2985 2757 2980 2852 2949 2944 2896 2993 2648 2696 2745 2740 2306 2972 2840 2612 2889 2661 2937 2656 2932 2704
2987 2903 2998 2951 2995 2747 2891 2939 2711 2983 2755 2950 2902 2855 2899 2947 2699 2746 2651 2975 2309 2710 2938 2843 2662 2615 2935 2982 2754 2707 2735 2854
