0000
0014
0029
0030
0032
0043
0044
0045
0051
0052
0056
0063
0067
0070
0073
0080
0087
0088
0093
0102
0108
0111
0120
0124
0134
0135
0139
0141
0144
0149
0152
0162
0168
0170
0173
0174
0175
0177
0178
0183
0184
0188
0192
0194
0196
0203
0211
0218
0221
0233
0239
0246
0251
0254
0256
0257
0266
0270
0272
0282
0289
0291
0296
0298
0309
0313
0314
0318
0321
0322
0324
0331
0332
0343
0354
0366
0368
0387
0393
0402
0408
0410
0411
0414
0416
0420
0423
0430
0432
0433
0436
0439
0443
0450
0457
0460
0463
0471
0472
0478
0479
0485
0486
0495
0506
0507
0511
0521
0527
0528
0532
0533
0535
0543
0544
0554
0555
0557
0564
0565
0567
0568
0572
0594
0598
0602
0605
0610
0612
0621
0644
0650
0651
0679
0680
0685
0693
0695
0705
0718
0727
0729
0741
0746
0755
0759
0761
0764
0765
0772
0781
0783
0785
0787
0789
0794
0798
0807
0809
0812
0817
0831
0840
0842
0844
0845
0847
0857
0862
0864
0874
0879
0881
0897
0900
0903
0907
0911
0912
0926
0927
0929
0930
0932
0942
0945
0949
0952
0958
0965
0978
0998
1001
1005
1025
1027
1034
1036
1041
1044
1047
1055
1057
1064
1073
1078
1080
1084
1090
1094
1100
1102
1103
1105
1106
1116
1117
1123
1128
1134
1151
1161
1174
1177
1178
1190
1192
1195
1200
1210
1211
1216
1222
1226
1228
1229
1230
1231
1241
1261
1263
1268
1269
1270
1272
1273
1292
1298
1299
1307
1316
1321
1322
1330
1336
1345
1351
1359
1360
1361
1362
1364
1374
1377
1385
1392
1393
1398
1407
1411
1412
1413
1421
1429
1437
1442
1467
1475
1488
1491
1497
1502
1509
1512
1533
1536
1547
1551
1553
1556
1557
1559
1562
1566
1567
1569
1577
1578
1582
1583
1586
1600
1601
1607
1611
1614
1618
1620
1624
1637
1641
1659
1665
1670
1691
1694
1706
1710
1725
1732
1736
1739
1740
1741
1744
1745
1746
1748
1752
1760
1762
1763
1770
1776
1780
1788
1793
1798
1800
1801
1804
1813
1814
1817
1818
1820
1830
1831
1839
1840
1842
1861
1868
1876
1877
1882
1885
1898
1904
1912
1915
1921
1929
1939
1941
1949
1960
1963
1965
1966
1967
1991
1992
2001
2012
2024
2025
2029
2030
2031
2045
2066
2069
2083
2089
2093
2095
2096
2097
2111
2112
2113
2114
2123
2124
2132
2144
2151
2153
2155
2163
2164
2166
2167
2174
2175
2176
2186
2190
2206
2213
2219
2225
2230
2236
2243
2254
2256
2268
2272
2284
2290
2291
2297
2303
2307
2315
2316
2323
2330
2332
2342
2358
2366
2372
2376
2377
2392
2404
2411
2414
2417
2418
2425
2441
2442
2453
2458
2472
2473
2475
2477
2482
2497
2501
2505
2523
2525
2528
2529
2531
2538
2542
2546
2555
2564
2567
2576
2579
2592
2593
2594
2601
2603
2618
2619
2627
2631
2636
2644
2645
2659
2663
2667
2668
2677
2678
2681
2687
2689
2700
2703
2705
2706
2709
2718
2724
2737
2738
2743
2744
2748
2752
2758
2759
2766
2776
2779
2786
2811
2825
2846
2847
2851
2862
2873
2875
2881
2883
2887
2890
2895
2897
2901
2909
2916
2927
2929
2930
2934
2957
2958
2967
2968
2986
2988
2991
2994
2996
2999
