0000
0007
0008
0012
0013
0014
0018
0020
0023
0025
0029
0030
0032
0043
0044
0045
0048
0049
0051
0052
0056
0057
0059
0063
0065
0067
0069
0070
0071
0073
0076
0078
0080
0083
0084
0085
0087
0088
0093
0096
0099
0100
0102
0104
0105
0108
0109
0111
0115
0118
0120
0121
0123
0124
0128
0134
0135
0139
0141
0142
0144
0149
0151
0152
0156
0157
0158
0162
0163
0166
0168
0170
0173
0174
0175
0177
0178
0179
0183
0184
0185
0188
0192
0194
0195
0196
0198
0199
0203
0205
0207
0208
0210
0211
0212
0213
0218
0219
0220
0221
0222
0226
0227
0229
0230
0231
0233
0237
0238
0239
0240
0246
0247
0251
0252
0254
0256
0257
0259
0261
0263
0266
0269
0270
0272
0273
0275
0276
0278
0279
0281
0282
0283
0286
0287
0288
0289
0290
0291
0296
0297
0298
0299
0300
0303
0304
0306
0307
0308
0309
0311
0313
0314
0315
0316
0318
0321
0322
0324
0325
0331
0332
0340
0342
0343
0344
0347
0349
0350
0351
0353
0354
0358
0360
0361
0365
0366
0367
0368
0374
0377
0381
0382
0383
0386
0387
0393
0394
0402
0406
0407
0408
0409
0410
0411
0414
0415
0416
0420
0422
0423
0424
0426
0427
0429
0430
0432
0433
0435
0436
0438
0439
0440
0443
0444
0445
0449
0450
0456
0457
0458
0460
0461
0462
0463
0464
0471
0472
0478
0479
0480
0482
0485
0486
0489
0491
0494
0495
0497
0498
0500
0503
0506
0507
0508
0509
0511
0514
0518
0519
0521
0522
0526
0527
0528
0529
0530
0532
0533
0535
0538
0542
0543
0544
0547
0548
0549
0552
0553
0554
0555
0557
0561
0564
0565
0567
0568
0572
0573
0575
0581
0582
0583
0590
0591
0594
0596
0597
0598
0599
0601
0602
0604
0605
0607
0610
0611
0612
0613
0617
0618
0620
0621
0626
0629
0630
0632
0636
0637
0642
0643
0644
0647
0649
0650
0651
0654
0655
0657
0662
0664
0668
0670
0672
0676
0677
0678
0679
0680
0685
0690
0691
0693
0694
0695
0700
0705
0707
0714
0718
0719
0727
0729
0731
0733
0736
0741
0742
0744
0746
0748
0749
0751
0754
0755
0756
0759
0761
0764
0765
0767
0772
0776
0781
0782
0783
0785
0786
0787
0788
0789
0790
0792
0794
0798
0800
0801
0802
0803
0805
0807
0808
0809
0810
0811
0812
0817
0819
0821
0829
0831
0834
0836
0838
0839
0840
0841
0842
0843
0844
0845
0847
0856
0857
0858
0859
0861
0862
0864
0866
0867
0869
0871
0873
0874
0879
0881
0883
0886
0888
0889
0890
0891
0897
0898
0900
0902
0903
0906
0907
0908
0910
0911
0912
0916
0923
0926
0927
0929
0930
0931
0932
0937
0940
0941
0942
0944
0945
0949
0952
0958
0961
0962
0964
0965
0969
0970
0973
0976
0978
0979
0986
0990
0998
0999
1000
1001
1004
1005
1010
1011
1014
1017
1018
1023
1025
1027
1029
1032
1033
1034
1036
1037
1041
1044
1047
1048
1050
1053
1055
1056
1057
1058
1061
1064
1068
1071
1073
1075
1078
1080
1083
1084
1087
1088
1089
1090
1091
1093
1094
1096
1097
1098
1099
1100
1102
1103
1105
1106
1110
1113
1114
1116
1117
1123
1124
1125
1127
1128
1133
1134
1135
1146
1149
1151
1157
1159
1161
1173
1174
1177
1178
1179
1185
1186
1187
1188
1189
1190
1192
1195
1196
1200
1204
1206
1207
1208
1210
1211
1213
1216
1220
1221
1222
1225
1226
1228
1229
1230
1231
1234
1235
1236
1237
1239
1241
1242
1244
1251
1253
1255
1259
1260
1261
1263
1264
1268
1269
1270
1271
1272
1273
1278
1283
1286
1288
1289
1292
1295
1298
1299
1302
1307
1309
1313
1316
1317
1321
1322
1323
1326
1330
1334
1336
1337
1338
1340
1343
1344
1345
1350
1351
1352
1356
1357
1359
1360
1361
1362
1364
1366
1370
1373
1374
1375
1376
1377
1378
1381
1385
1391
1392
1393
1395
1397
1398
1399
1402
1405
1406
1407
1410
1411
1412
1413
1417
1421
1423
1427
1429
1431
1432
1435
1436
1437
1442
1444
1446
1448
1450
1451
1453
1455
1456
1457
1461
1462
1465
1467
1472
1474
1475
1476
1480
1487
1488
1491
1494
1497
1498
1502
1503
1505
1506
1507
1509
1510
1511
1512
1518
1525
1533
1536
1538
1543
1547
1551
1553
1554
1556
1557
1558
1559
1562
1563
1564
1565
1566
1567
1569
1572
1575
1576
1577
1578
1580
1582
1583
1584
1586
1587
1588
1591
1593
1596
1598
1600
1601
1602
1606
1607
1608
1609
1610
1611
1613
1614
1618
1620
1621
1623
1624
1626
1628
1637
1640
1641
1650
1651
1655
1656
1657
1659
1665
1670
1671
1672
1677
1688
1690
1691
1694
1697
1703
1706
1709
1710
1713
1717
1718
1720
1721
1723
1725
1726
1727
1729
1730
1731
1732
1735
1736
1738
1739
1740
1741
1742
1743
1744
1745
1746
1748
1752
1754
1756
1760
1762
1763
1765
1766
1767
1770
1775
1776
1777
1778
1779
1780
1783
1784
1786
1788
1789
1793
1795
1798
1800
1801
1803
1804
1808
1811
1813
1814
1815
1817
1818
1820
1830
1831
1832
1833
1835
1839
1840
1842
1844
1846
1847
1860
1861
1867
1868
1871
1872
1873
1876
1877
1880
1882
1883
1885
1891
1898
1904
1909
1911
1912
1915
1920
1921
1927
1929
1936
1937
1938
1939
1940
1941
1945
1947
1949
1954
1957
1960
1963
1964
1965
1966
1967
1971
1980
1983
1985
1991
1992
1993
1995
1999
2001
2002
2007
2008
2009
2012
2013
2014
2015
2018
2019
2020
2023
2024
2025
2029
2030
2031
2032
2040
2044
2045
2051
2057
2063
2064
2066
2067
2069
2071
2078
2079
2080
2083
2084
2087
2089
2090
2092
2093
2095
2096
2097
2098
2099
2102
2104
2106
2110
2111
2112
2113
2114
2116
2117
2120
2123
2124
2127
2130
2132
2136
2138
2140
2144
2147
2148
2151
2153
2155
2157
2162
2163
2164
2166
2167
2172
2174
2175
2176
2178
2179
2181
2183
2186
2187
2190
2194
2195
2206
2208
2209
2210
2211
2213
2219
2223
2225
2226
2228
2230
2232
2233
2234
2236
2238
2241
2243
2246
2249
2254
2256
2259
2262
2266
2268
2270
2272
2274
2275
2276
2280
2282
2283
2284
2285
2286
2287
2290
2291
2292
2295
2297
2303
2307
2308
2310
2315
2316
2318
2319
2320
2323
2325
2330
2332
2333
2334
2335
2337
2338
2342
2344
2347
2350
2353
2356
2358
2359
2360
2364
2366
2367
2369
2370
2371
2372
2373
2375
2376
2377
2378
2380
2382
2383
2390
2392
2394
2396
2397
2400
2401
2404
2406
2407
2408
2411
2413
2414
2415
2417
2418
2419
2420
2421
2425
2426
2430
2436
2437
2438
2439
2441
2442
2443
2451
2453
2458
2459
2467
2468
2469
2470
2471
2472
2473
2475
2477
2478
2480
2481
2482
2483
2492
2494
2497
2498
2501
2502
2503
2505
2509
2515
2517
2519
2523
2525
2527
2528
2529
2531
2534
2535
2538
2541
2542
2546
2547
2551
2552
2555
2560
2563
2564
2566
2567
2569
2571
2576
2578
2579
2581
2583
2587
2588
2592
2593
2594
2596
2600
2601
2602
2603
2611
2616
2618
2619
2623
2624
2627
2629
2631
2632
2634
2636
2637
2639
2642
2643
2644
2645
2646
2648
2650
2651
2652
2655
2659
2662
2663
2667
2668
2673
2677
2678
2681
2682
2686
2687
2688
2689
2694
2696
2700
2702
2703
2705
2706
2708
2709
2711
2712
2716
2717
2718
2719
2720
2722
2723
2724
2725
2730
2737
2738
2740
2742
2743
2744
2745
2746
2748
2752
2754
2755
2758
2759
2761
2762
2766
2771
2776
2779
2781
2786
2787
2789
2791
2793
2794
2797
2807
2811
2812
2815
2816
2818
2823
2825
2826
2831
2833
2834
2835
2837
2838
2839
2840
2841
2845
2846
2847
2848
2849
2851
2855
2857
2858
2861
2862
2863
2865
2867
2870
2873
2875
2880
2881
2883
2886
2887
2889
2890
2893
2894
2895
2896
2897
2901
2905
2906
2908
2909
2912
2914
2916
2917
2922
2923
2927
2929
2930
2934
2937
2938
2941
2943
2945
2948
2950
2952
2957
2958
2961
2963
2965
2967
2968
2970
2972
2979
2983
2985
2986
2988
2990
2991
2994
2995
2996
2998
2999
