0.010000 0.500000 1.500000 0.750000 1.500000 4.000000
0.010000 0.500000 1.500000 0.750000 2.166670 7.000000
0.010000 0.500000 1.500000 0.750000 3.500000 4.000000
0.010000 0.500000 1.500000 0.750000 3.500000 6.000000
0.010000 0.500000 1.500000 1.062500 3.500000 5.000000
0.010000 0.500000 1.500000 1.062500 3.500000 6.000000
0.010000 0.500000 1.500000 1.375000 1.500000 4.000000
0.010000 0.500000 1.500000 1.375000 2.833330 7.000000
0.010000 0.500000 1.500000 1.375000 3.500000 4.000000
0.010000 0.500000 1.500000 1.375000 3.500000 5.000000
0.010000 0.500000 1.500000 1.687500 2.166670 7.000000
0.010000 0.500000 1.500000 1.687500 2.833330 4.000000
0.010000 0.500000 1.500000 1.687500 3.500000 4.000000
0.010000 0.500000 1.500000 2.000000 2.166670 7.000000
0.010000 0.500000 1.500000 2.000000 2.833330 7.000000
0.010000 0.500000 1.500000 2.000000 3.500000 6.000000
0.010000 0.500000 2.000000 0.750000 1.500000 5.000000
0.010000 0.500000 2.000000 0.750000 2.833330 4.000000
0.010000 0.500000 2.000000 0.750000 3.500000 7.000000
0.010000 0.500000 2.000000 1.062500 1.500000 4.000000
0.010000 0.500000 2.000000 1.062500 2.166670 5.000000
0.010000 0.500000 2.000000 1.062500 2.833330 4.000000
0.010000 0.500000 2.000000 1.062500 3.500000 4.000000
0.010000 0.500000 2.000000 1.062500 3.500000 6.000000
0.010000 0.500000 2.000000 1.375000 1.500000 4.000000
0.010000 0.500000 2.000000 1.375000 2.166670 4.000000
0.010000 0.500000 2.000000 1.375000 2.166670 5.000000
0.010000 0.500000 2.000000 1.375000 2.166670 7.000000
0.010000 0.500000 2.000000 1.687500 2.166670 4.000000
0.010000 0.500000 2.000000 1.687500 2.833330 4.000000
0.010000 0.500000 2.000000 2.000000 2.166670 6.000000
0.010000 0.500000 2.000000 2.000000 2.166670 7.000000
0.010000 0.500000 2.000000 2.000000 2.833330 7.000000
0.010000 0.500000 2.000000 2.000000 3.500000 5.000000
0.010000 0.500000 2.500000 0.750000 1.500000 4.000000
0.010000 0.500000 2.500000 0.750000 2.166670 5.000000
0.010000 0.500000 2.500000 0.750000 2.833330 4.000000
0.010000 0.500000 2.500000 0.750000 3.500000 5.000000
0.010000 0.500000 2.500000 1.062500 1.500000 6.000000
0.010000 0.500000 2.500000 1.062500 1.500000 7.000000
0.010000 0.500000 2.500000 1.062500 2.833330 4.000000
0.010000 0.500000 2.500000 1.062500 2.833330 6.000000
0.010000 0.500000 2.500000 1.062500 3.500000 5.000000
0.010000 0.500000 2.500000 1.062500 3.500000 6.000000
0.010000 0.500000 2.500000 1.062500 3.500000 7.000000
0.010000 0.500000 2.500000 1.375000 1.500000 5.000000
0.010000 0.500000 2.500000 1.375000 1.500000 6.000000
0.010000 0.500000 2.500000 1.375000 1.500000 7.000000
0.010000 0.500000 2.500000 1.375000 2.166670 7.000000
0.010000 0.500000 2.500000 1.375000 2.833330 4.000000
0.010000 0.500000 2.500000 1.375000 3.500000 4.000000
0.010000 0.500000 2.500000 1.687500 2.166670 4.000000
0.010000 0.500000 2.500000 1.687500 2.166670 6.000000
0.010000 0.500000 2.500000 1.687500 2.166670 7.000000
0.010000 0.500000 2.500000 1.687500 2.833330 4.000000
0.010000 0.500000 2.500000 1.687500 2.833330 7.000000
0.010000 0.500000 2.500000 1.687500 3.500000 7.000000
0.010000 0.500000 2.500000 2.000000 2.833330 4.000000
0.010000 0.500000 2.500000 2.000000 2.833330 6.000000
0.010000 0.500000 2.500000 2.000000 2.833330 7.000000
0.010000 0.500000 2.500000 2.000000 3.500000 4.000000
0.010000 0.500000 3.000000 0.750000 1.500000 6.000000
0.010000 0.500000 3.000000 0.750000 2.166670 5.000000
0.010000 0.500000 3.000000 0.750000 2.833330 6.000000
0.010000 0.500000 3.000000 0.750000 2.833330 7.000000
0.010000 0.500000 3.000000 0.750000 3.500000 7.000000
0.010000 0.500000 3.000000 1.062500 1.500000 5.000000
0.010000 0.500000 3.000000 1.062500 2.166670 5.000000
0.010000 0.500000 3.000000 1.062500 2.166670 6.000000
0.010000 0.500000 3.000000 1.062500 2.166670 7.000000
0.010000 0.500000 3.000000 1.062500 3.500000 6.000000
0.010000 0.500000 3.000000 1.062500 3.500000 7.000000
0.010000 0.500000 3.000000 1.375000 1.500000 7.000000
0.010000 0.500000 3.000000 1.375000 2.166670 4.000000
0.010000 0.500000 3.000000 1.375000 2.166670 6.000000
0.010000 0.500000 3.000000 1.375000 2.833330 4.000000
0.010000 0.500000 3.000000 1.375000 2.833330 5.000000
0.010000 0.500000 3.000000 1.375000 2.833330 7.000000
0.010000 0.500000 3.000000 1.375000 3.500000 5.000000
0.010000 0.500000 3.000000 1.375000 3.500000 7.000000
0.010000 0.500000 3.000000 1.687500 2.166670 6.000000
0.010000 0.500000 3.000000 1.687500 2.833330 6.000000
0.010000 0.500000 3.000000 1.687500 3.500000 4.000000
0.010000 0.500000 3.000000 2.000000 2.166670 6.000000
0.010000 0.500000 3.000000 2.000000 2.833330 6.000000
0.010000 0.500000 3.000000 2.000000 2.833330 7.000000
0.010000 1.000000 1.500000 0.750000 1.500000 4.000000
0.010000 1.000000 1.500000 0.750000 1.500000 5.000000
0.010000 1.000000 1.500000 0.750000 1.500000 7.000000
0.010000 1.000000 1.500000 0.750000 2.833330 4.000000
0.010000 1.000000 1.500000 0.750000 2.833330 6.000000
0.010000 1.000000 1.500000 1.062500 2.166670 5.000000
0.010000 1.000000 1.500000 1.062500 2.833330 5.000000
0.010000 1.000000 1.500000 1.062500 2.833330 6.000000
0.010000 1.000000 1.500000 1.062500 2.833330 7.000000
0.010000 1.000000 1.500000 1.062500 3.500000 6.000000
0.010000 1.000000 1.500000 1.375000 1.500000 5.000000
0.010000 1.000000 1.500000 1.375000 1.500000 6.000000
0.010000 1.000000 1.500000 1.375000 2.166670 4.000000
0.010000 1.000000 1.500000 1.375000 2.833330 7.000000
0.010000 1.000000 1.500000 1.375000 3.500000 4.000000
0.010000 1.000000 1.500000 1.687500 2.833330 4.000000
0.010000 1.000000 1.500000 1.687500 2.833330 7.000000
0.010000 1.000000 1.500000 1.687500 3.500000 7.000000
0.010000 1.000000 1.500000 2.000000 2.166670 7.000000
0.010000 1.000000 1.500000 2.000000 2.833330 5.000000
0.010000 1.000000 1.500000 2.000000 2.833330 6.000000
0.010000 1.000000 1.500000 2.000000 3.500000 6.000000
0.010000 1.000000 2.000000 0.750000 2.166670 5.000000
0.010000 1.000000 2.000000 0.750000 2.166670 6.000000
0.010000 1.000000 2.000000 0.750000 2.166670 7.000000
0.010000 1.000000 2.000000 0.750000 2.833330 4.000000
0.010000 1.000000 2.000000 1.062500 2.166670 5.000000
0.010000 1.000000 2.000000 1.062500 2.833330 7.000000
0.010000 1.000000 2.000000 1.375000 1.500000 5.000000
0.010000 1.000000 2.000000 1.375000 2.833330 6.000000
0.010000 1.000000 2.000000 1.375000 3.500000 7.000000
0.010000 1.000000 2.000000 1.687500 2.166670 4.000000
0.010000 1.000000 2.000000 1.687500 2.166670 6.000000
0.010000 1.000000 2.000000 1.687500 2.166670 7.000000
0.010000 1.000000 2.000000 1.687500 2.833330 6.000000
0.010000 1.000000 2.000000 1.687500 2.833330 7.000000
0.010000 1.000000 2.000000 1.687500 3.500000 4.000000
0.010000 1.000000 2.000000 2.000000 2.166670 4.000000
0.010000 1.000000 2.000000 2.000000 2.166670 6.000000
0.010000 1.000000 2.000000 2.000000 2.166670 7.000000
0.010000 1.000000 2.000000 2.000000 3.500000 6.000000
0.010000 1.000000 2.500000 0.750000 1.500000 4.000000
0.010000 1.000000 2.500000 0.750000 1.500000 5.000000
0.010000 1.000000 2.500000 0.750000 1.500000 7.000000
0.010000 1.000000 2.500000 0.750000 2.166670 4.000000
0.010000 1.000000 2.500000 0.750000 2.166670 7.000000
0.010000 1.000000 2.500000 0.750000 2.833330 7.000000
0.010000 1.000000 2.500000 0.750000 3.500000 5.000000
0.010000 1.000000 2.500000 1.062500 1.500000 6.000000
0.010000 1.000000 2.500000 1.062500 2.833330 4.000000
0.010000 1.000000 2.500000 1.062500 2.833330 5.000000
0.010000 1.000000 2.500000 1.062500 3.500000 4.000000
0.010000 1.000000 2.500000 1.062500 3.500000 5.000000
0.010000 1.000000 2.500000 1.062500 3.500000 6.000000
0.010000 1.000000 2.500000 1.062500 3.500000 7.000000
0.010000 1.000000 2.500000 1.375000 1.500000 4.000000
0.010000 1.000000 2.500000 1.375000 2.166670 7.000000
0.010000 1.000000 2.500000 1.375000 2.833330 4.000000
0.010000 1.000000 2.500000 1.375000 3.500000 6.000000
0.010000 1.000000 2.500000 1.375000 3.500000 7.000000
0.010000 1.000000 2.500000 1.687500 2.166670 4.000000
0.010000 1.000000 2.500000 1.687500 2.833330 5.000000
0.010000 1.000000 2.500000 1.687500 2.833330 6.000000
0.010000 1.000000 2.500000 2.000000 2.166670 7.000000
0.010000 1.000000 2.500000 2.000000 2.833330 6.000000
0.010000 1.000000 3.000000 0.750000 1.500000 6.000000
0.010000 1.000000 3.000000 0.750000 1.500000 7.000000
0.010000 1.000000 3.000000 0.750000 2.166670 5.000000
0.010000 1.000000 3.000000 0.750000 2.166670 7.000000
0.010000 1.000000 3.000000 0.750000 3.500000 6.000000
0.010000 1.000000 3.000000 1.062500 1.500000 5.000000
0.010000 1.000000 3.000000 1.062500 2.166670 7.000000
0.010000 1.000000 3.000000 1.062500 2.833330 4.000000
0.010000 1.000000 3.000000 1.062500 3.500000 4.000000
0.010000 1.000000 3.000000 1.062500 3.500000 5.000000
0.010000 1.000000 3.000000 1.062500 3.500000 7.000000
0.010000 1.000000 3.000000 1.375000 2.166670 6.000000
0.010000 1.000000 3.000000 1.375000 2.166670 7.000000
0.010000 1.000000 3.000000 1.375000 2.833330 4.000000
0.010000 1.000000 3.000000 1.375000 2.833330 7.000000
0.010000 1.000000 3.000000 1.375000 3.500000 5.000000
0.010000 1.000000 3.000000 1.687500 2.166670 6.000000
0.010000 1.000000 3.000000 1.687500 2.166670 7.000000
0.010000 1.000000 3.000000 1.687500 2.833330 5.000000
0.010000 1.000000 3.000000 2.000000 2.166670 4.000000
0.010000 1.000000 3.000000 2.000000 2.166670 5.000000
0.010000 1.000000 3.000000 2.000000 2.166670 7.000000
0.010000 1.000000 3.000000 2.000000 2.833330 4.000000
0.010000 1.000000 3.000000 2.000000 3.500000 4.000000
0.010000 1.000000 3.000000 2.000000 3.500000 5.000000
0.010000 1.500000 2.000000 0.750000 2.833330 5.000000
0.010000 1.500000 2.000000 1.062500 2.833330 6.000000
0.010000 1.500000 2.000000 1.062500 3.500000 5.000000
0.010000 1.500000 2.000000 1.062500 3.500000 6.000000
0.010000 1.500000 2.000000 1.062500 3.500000 7.000000
0.010000 1.500000 2.000000 1.375000 2.166670 5.000000
0.010000 1.500000 2.000000 1.375000 2.166670 6.000000
0.010000 1.500000 2.000000 1.375000 2.833330 5.000000
0.010000 1.500000 2.000000 1.375000 3.500000 6.000000
0.010000 1.500000 2.000000 1.687500 2.166670 4.000000
0.010000 1.500000 2.000000 1.687500 2.833330 5.000000
0.010000 1.500000 2.000000 1.687500 3.500000 5.000000
0.010000 1.500000 2.000000 2.000000 2.166670 6.000000
0.010000 1.500000 2.500000 0.750000 2.166670 5.000000
0.010000 1.500000 2.500000 0.750000 2.833330 6.000000
0.010000 1.500000 2.500000 0.750000 3.500000 4.000000
0.010000 1.500000 2.500000 1.062500 2.166670 6.000000
0.010000 1.500000 2.500000 1.062500 2.166670 7.000000
0.010000 1.500000 2.500000 1.062500 2.833330 7.000000
0.010000 1.500000 2.500000 1.375000 2.166670 6.000000
0.010000 1.500000 2.500000 1.375000 3.500000 6.000000
0.010000 1.500000 2.500000 1.687500 2.833330 4.000000
0.010000 1.500000 2.500000 1.687500 2.833330 5.000000
0.010000 1.500000 2.500000 1.687500 2.833330 6.000000
0.010000 1.500000 2.500000 1.687500 2.833330 7.000000
0.010000 1.500000 2.500000 1.687500 3.500000 4.000000
0.010000 1.500000 2.500000 2.000000 2.166670 5.000000
0.010000 1.500000 2.500000 2.000000 2.833330 7.000000
0.010000 1.500000 2.500000 2.000000 3.500000 5.000000
0.010000 1.500000 2.500000 2.000000 3.500000 7.000000
0.010000 1.500000 3.000000 0.750000 2.833330 4.000000
0.010000 1.500000 3.000000 0.750000 3.500000 5.000000
0.010000 1.500000 3.000000 1.062500 3.500000 6.000000
0.010000 1.500000 3.000000 1.375000 2.833330 7.000000
0.010000 1.500000 3.000000 1.375000 3.500000 5.000000
0.010000 1.500000 3.000000 1.687500 2.833330 4.000000
0.010000 1.500000 3.000000 1.687500 3.500000 5.000000
0.010000 1.500000 3.000000 1.687500 3.500000 6.000000
0.010000 1.500000 3.000000 2.000000 2.166670 4.000000
0.010000 1.500000 3.000000 2.000000 2.166670 6.000000
0.010000 1.500000 3.000000 2.000000 2.833330 4.000000
0.010000 1.500000 3.000000 2.000000 3.500000 7.000000
0.010000 2.000000 2.500000 0.750000 2.166670 4.000000
0.010000 2.000000 2.500000 0.750000 2.166670 7.000000
0.010000 2.000000 2.500000 0.750000 2.833330 5.000000
0.010000 2.000000 2.500000 0.750000 3.500000 4.000000
0.010000 2.000000 2.500000 0.750000 3.500000 5.000000
0.010000 2.000000 2.500000 0.750000 3.500000 7.000000
0.010000 2.000000 2.500000 1.062500 2.833330 4.000000
0.010000 2.000000 2.500000 1.062500 3.500000 4.000000
0.010000 2.000000 2.500000 1.375000 2.166670 5.000000
0.010000 2.000000 2.500000 1.375000 2.166670 7.000000
0.010000 2.000000 2.500000 1.375000 2.833330 5.000000
0.010000 2.000000 2.500000 1.375000 2.833330 7.000000
0.010000 2.000000 2.500000 1.375000 3.500000 5.000000
0.010000 2.000000 2.500000 1.375000 3.500000 6.000000
0.010000 2.000000 2.500000 1.687500 2.166670 6.000000
0.010000 2.000000 2.500000 1.687500 2.833330 6.000000
0.010000 2.000000 2.500000 2.000000 2.166670 5.000000
0.010000 2.000000 2.500000 2.000000 2.166670 7.000000
0.010000 2.000000 2.500000 2.000000 2.833330 5.000000
0.010000 2.000000 2.500000 2.000000 2.833330 6.000000
0.010000 2.000000 2.500000 2.000000 3.500000 4.000000
0.010000 2.000000 3.000000 0.750000 2.166670 5.000000
0.010000 2.000000 3.000000 0.750000 2.166670 7.000000
0.010000 2.000000 3.000000 1.062500 2.166670 5.000000
0.010000 2.000000 3.000000 1.062500 2.166670 7.000000
0.010000 2.000000 3.000000 1.062500 3.500000 6.000000
0.010000 2.000000 3.000000 1.062500 3.500000 7.000000
0.010000 2.000000 3.000000 1.375000 2.166670 4.000000
0.010000 2.000000 3.000000 1.375000 2.166670 6.000000
0.010000 2.000000 3.000000 1.375000 2.833330 4.000000
0.010000 2.000000 3.000000 1.375000 2.833330 5.000000
0.010000 2.000000 3.000000 1.375000 2.833330 7.000000
0.010000 2.000000 3.000000 1.687500 2.833330 5.000000
0.010000 2.000000 3.000000 1.687500 2.833330 7.000000
0.010000 2.000000 3.000000 1.687500 3.500000 6.000000
0.010000 2.000000 3.000000 2.000000 2.166670 4.000000
0.010000 2.000000 3.000000 2.000000 2.166670 7.000000
0.010000 2.000000 3.000000 2.000000 2.833330 5.000000
0.010000 2.000000 3.000000 2.000000 2.833330 7.000000
0.010000 2.000000 3.000000 2.000000 3.500000 6.000000
0.257500 0.500000 1.500000 0.750000 1.500000 7.000000
0.257500 0.500000 1.500000 0.750000 2.166670 5.000000
0.257500 0.500000 1.500000 1.062500 2.166670 5.000000
0.257500 0.500000 1.500000 1.062500 2.833330 4.000000
0.257500 0.500000 1.500000 1.062500 2.833330 7.000000
0.257500 0.500000 1.500000 1.062500 3.500000 7.000000
0.257500 0.500000 1.500000 1.375000 1.500000 7.000000
0.257500 0.500000 1.500000 1.375000 2.166670 4.000000
0.257500 0.500000 1.500000 1.687500 2.166670 6.000000
0.257500 0.500000 1.500000 1.687500 2.166670 7.000000
0.257500 0.500000 1.500000 1.687500 2.833330 5.000000
0.257500 0.500000 1.500000 1.687500 2.833330 6.000000
0.257500 0.500000 1.500000 1.687500 3.500000 4.000000
0.257500 0.500000 1.500000 2.000000 2.833330 6.000000
0.257500 0.500000 1.500000 2.000000 3.500000 5.000000
0.257500 0.500000 2.000000 0.750000 1.500000 5.000000
0.257500 0.500000 2.000000 0.750000 2.166670 4.000000
0.257500 0.500000 2.000000 0.750000 2.833330 6.000000
0.257500 0.500000 2.000000 1.062500 1.500000 4.000000
0.257500 0.500000 2.000000 1.062500 1.500000 5.000000
0.257500 0.500000 2.000000 1.062500 2.166670 5.000000
0.257500 0.500000 2.000000 1.062500 3.500000 4.000000
0.257500 0.500000 2.000000 1.062500 3.500000 6.000000
0.257500 0.500000 2.000000 1.062500 3.500000 7.000000
0.257500 0.500000 2.000000 1.375000 2.833330 6.000000
0.257500 0.500000 2.000000 1.687500 2.166670 6.000000
0.257500 0.500000 2.000000 1.687500 2.833330 5.000000
0.257500 0.500000 2.000000 1.687500 3.500000 5.000000
0.257500 0.500000 2.000000 2.000000 2.166670 6.000000
0.257500 0.500000 2.000000 2.000000 3.500000 6.000000
0.257500 0.500000 2.500000 0.750000 1.500000 7.000000
0.257500 0.500000 2.500000 0.750000 2.166670 5.000000
0.257500 0.500000 2.500000 0.750000 2.166670 7.000000
0.257500 0.500000 2.500000 0.750000 2.833330 5.000000
0.257500 0.500000 2.500000 0.750000 3.500000 6.000000
0.257500 0.500000 2.500000 1.062500 1.500000 4.000000
0.257500 0.500000 2.500000 1.062500 2.166670 5.000000
0.257500 0.500000 2.500000 1.062500 2.833330 4.000000
0.257500 0.500000 2.500000 1.062500 2.833330 7.000000
0.257500 0.500000 2.500000 1.375000 1.500000 7.000000
0.257500 0.500000 2.500000 1.375000 2.166670 5.000000
0.257500 0.500000 2.500000 1.375000 3.500000 4.000000
0.257500 0.500000 2.500000 1.687500 2.833330 5.000000
0.257500 0.500000 2.500000 1.687500 2.833330 7.000000
0.257500 0.500000 2.500000 1.687500 3.500000 6.000000
0.257500 0.500000 2.500000 2.000000 2.166670 4.000000
0.257500 0.500000 2.500000 2.000000 2.833330 4.000000
0.257500 0.500000 2.500000 2.000000 3.500000 5.000000
0.257500 0.500000 2.500000 2.000000 3.500000 6.000000
0.257500 0.500000 2.500000 2.000000 3.500000 7.000000
0.257500 0.500000 3.000000 0.750000 1.500000 5.000000
0.257500 0.500000 3.000000 0.750000 1.500000 6.000000
0.257500 0.500000 3.000000 0.750000 2.166670 5.000000
0.257500 0.500000 3.000000 0.750000 2.166670 7.000000
0.257500 0.500000 3.000000 0.750000 2.833330 4.000000
0.257500 0.500000 3.000000 0.750000 2.833330 6.000000
0.257500 0.500000 3.000000 0.750000 2.833330 7.000000
0.257500 0.500000 3.000000 0.750000 3.500000 5.000000
0.257500 0.500000 3.000000 0.750000 3.500000 6.000000
0.257500 0.500000 3.000000 1.062500 2.833330 4.000000
0.257500 0.500000 3.000000 1.062500 2.833330 5.000000
0.257500 0.500000 3.000000 1.062500 3.500000 7.000000
0.257500 0.500000 3.000000 1.375000 1.500000 4.000000
0.257500 0.500000 3.000000 1.375000 2.166670 4.000000
0.257500 0.500000 3.000000 1.375000 2.833330 6.000000
0.257500 0.500000 3.000000 1.687500 3.500000 5.000000
0.257500 0.500000 3.000000 1.687500 3.500000 7.000000
0.257500 0.500000 3.000000 2.000000 3.500000 5.000000
0.257500 1.000000 1.500000 0.750000 2.833330 5.000000
0.257500 1.000000 1.500000 0.750000 2.833330 6.000000
0.257500 1.000000 1.500000 0.750000 3.500000 5.000000
0.257500 1.000000 1.500000 0.750000 3.500000 6.000000
0.257500 1.000000 1.500000 1.062500 2.833330 6.000000
0.257500 1.000000 1.500000 1.062500 3.500000 4.000000
0.257500 1.000000 1.500000 1.062500 3.500000 7.000000
0.257500 1.000000 1.500000 1.375000 2.166670 4.000000
0.257500 1.000000 1.500000 1.375000 2.833330 4.000000
0.257500 1.000000 1.500000 1.375000 2.833330 6.000000
0.257500 1.000000 1.500000 1.375000 2.833330 7.000000
0.257500 1.000000 1.500000 1.375000 3.500000 6.000000
0.257500 1.000000 1.500000 1.375000 3.500000 7.000000
0.257500 1.000000 1.500000 1.687500 2.166670 5.000000
0.257500 1.000000 1.500000 1.687500 2.833330 4.000000
0.257500 1.000000 1.500000 1.687500 3.500000 5.000000
0.257500 1.000000 1.500000 1.687500 3.500000 6.000000
0.257500 1.000000 1.500000 2.000000 2.166670 6.000000
0.257500 1.000000 1.500000 2.000000 2.833330 4.000000
0.257500 1.000000 1.500000 2.000000 2.833330 5.000000
0.257500 1.000000 1.500000 2.000000 2.833330 6.000000
0.257500 1.000000 1.500000 2.000000 2.833330 7.000000
0.257500 1.000000 2.000000 0.750000 2.166670 5.000000
0.257500 1.000000 2.000000 0.750000 2.833330 4.000000
0.257500 1.000000 2.000000 1.062500 1.500000 5.000000
0.257500 1.000000 2.000000 1.062500 1.500000 7.000000
0.257500 1.000000 2.000000 1.062500 2.833330 6.000000
0.257500 1.000000 2.000000 1.062500 3.500000 4.000000
0.257500 1.000000 2.000000 1.062500 3.500000 5.000000
0.257500 1.000000 2.000000 1.375000 1.500000 5.000000
0.257500 1.000000 2.000000 1.375000 1.500000 6.000000
0.257500 1.000000 2.000000 1.375000 1.500000 7.000000
0.257500 1.000000 2.000000 1.375000 2.166670 4.000000
0.257500 1.000000 2.000000 1.375000 2.166670 5.000000
0.257500 1.000000 2.000000 1.375000 2.166670 6.000000
0.257500 1.000000 2.000000 1.375000 3.500000 5.000000
0.257500 1.000000 2.000000 1.687500 2.833330 7.000000
0.257500 1.000000 2.000000 1.687500 3.500000 5.000000
0.257500 1.000000 2.000000 1.687500 3.500000 6.000000
0.257500 1.000000 2.000000 2.000000 2.166670 5.000000
0.257500 1.000000 2.000000 2.000000 2.833330 7.000000
0.257500 1.000000 2.000000 2.000000 3.500000 4.000000
0.257500 1.000000 2.000000 2.000000 3.500000 7.000000
0.257500 1.000000 2.500000 0.750000 2.166670 4.000000
0.257500 1.000000 2.500000 0.750000 2.166670 6.000000
0.257500 1.000000 2.500000 0.750000 3.500000 5.000000
0.257500 1.000000 2.500000 1.062500 1.500000 6.000000
0.257500 1.000000 2.500000 1.062500 1.500000 7.000000
0.257500 1.000000 2.500000 1.062500 2.166670 4.000000
0.257500 1.000000 2.500000 1.062500 3.500000 5.000000
0.257500 1.000000 2.500000 1.375000 1.500000 7.000000
0.257500 1.000000 2.500000 1.375000 2.833330 7.000000
0.257500 1.000000 2.500000 1.375000 3.500000 4.000000
0.257500 1.000000 2.500000 1.375000 3.500000 5.000000
0.257500 1.000000 2.500000 1.687500 2.833330 4.000000
0.257500 1.000000 2.500000 2.000000 2.166670 6.000000
0.257500 1.000000 2.500000 2.000000 2.166670 7.000000
0.257500 1.000000 2.500000 2.000000 2.833330 4.000000
0.257500 1.000000 2.500000 2.000000 2.833330 5.000000
0.257500 1.000000 2.500000 2.000000 2.833330 7.000000
0.257500 1.000000 3.000000 0.750000 1.500000 5.000000
0.257500 1.000000 3.000000 0.750000 2.166670 5.000000
0.257500 1.000000 3.000000 0.750000 2.833330 4.000000
0.257500 1.000000 3.000000 1.062500 1.500000 4.000000
0.257500 1.000000 3.000000 1.062500 2.166670 6.000000
0.257500 1.000000 3.000000 1.062500 2.166670 7.000000
0.257500 1.000000 3.000000 1.062500 2.833330 4.000000
0.257500 1.000000 3.000000 1.062500 3.500000 4.000000
0.257500 1.000000 3.000000 1.062500 3.500000 5.000000
0.257500 1.000000 3.000000 1.062500 3.500000 6.000000
0.257500 1.000000 3.000000 1.375000 2.166670 6.000000
0.257500 1.000000 3.000000 1.375000 2.833330 5.000000
0.257500 1.000000 3.000000 1.375000 2.833330 6.000000
0.257500 1.000000 3.000000 1.375000 2.833330 7.000000
0.257500 1.000000 3.000000 1.375000 3.500000 4.000000
0.257500 1.000000 3.000000 1.687500 2.833330 4.000000
0.257500 1.000000 3.000000 2.000000 2.166670 4.000000
0.257500 1.000000 3.000000 2.000000 2.833330 6.000000
0.257500 1.000000 3.000000 2.000000 3.500000 4.000000
0.257500 1.500000 2.000000 0.750000 2.166670 5.000000
0.257500 1.500000 2.000000 0.750000 2.833330 5.000000
0.257500 1.500000 2.000000 0.750000 2.833330 7.000000
0.257500 1.500000 2.000000 0.750000 3.500000 6.000000
0.257500 1.500000 2.000000 1.062500 2.166670 4.000000
0.257500 1.500000 2.000000 1.375000 2.833330 5.000000
0.257500 1.500000 2.000000 1.687500 2.166670 4.000000
0.257500 1.500000 2.000000 1.687500 2.166670 5.000000
0.257500 1.500000 2.000000 2.000000 2.166670 7.000000
0.257500 1.500000 2.000000 2.000000 2.833330 6.000000
0.257500 1.500000 2.500000 0.750000 2.166670 4.000000
0.257500 1.500000 2.500000 0.750000 2.833330 5.000000
0.257500 1.500000 2.500000 0.750000 3.500000 5.000000
0.257500 1.500000 2.500000 1.062500 2.166670 4.000000
0.257500 1.500000 2.500000 1.062500 2.166670 7.000000
0.257500 1.500000 2.500000 1.375000 2.833330 4.000000
0.257500 1.500000 2.500000 1.687500 2.166670 5.000000
0.257500 1.500000 2.500000 1.687500 2.833330 4.000000
0.257500 1.500000 2.500000 1.687500 3.500000 7.000000
0.257500 1.500000 2.500000 2.000000 2.166670 7.000000
0.257500 1.500000 2.500000 2.000000 2.833330 7.000000
0.257500 1.500000 2.500000 2.000000 3.500000 5.000000
0.257500 1.500000 3.000000 0.750000 2.166670 4.000000
0.257500 1.500000 3.000000 0.750000 2.166670 5.000000
0.257500 1.500000 3.000000 0.750000 2.166670 7.000000
0.257500 1.500000 3.000000 0.750000 2.833330 6.000000
0.257500 1.500000 3.000000 0.750000 3.500000 6.000000
0.257500 1.500000 3.000000 0.750000 3.500000 7.000000
0.257500 1.500000 3.000000 1.062500 2.166670 5.000000
0.257500 1.500000 3.000000 1.062500 2.833330 4.000000
0.257500 1.500000 3.000000 1.062500 3.500000 5.000000
0.257500 1.500000 3.000000 1.062500 3.500000 6.000000
0.257500 1.500000 3.000000 1.375000 2.166670 4.000000
0.257500 1.500000 3.000000 1.375000 2.166670 6.000000
0.257500 1.500000 3.000000 1.375000 2.166670 7.000000
0.257500 1.500000 3.000000 1.375000 2.833330 4.000000
0.257500 1.500000 3.000000 1.375000 2.833330 6.000000
0.257500 1.500000 3.000000 1.375000 2.833330 7.000000
0.257500 1.500000 3.000000 1.687500 3.500000 4.000000
0.257500 1.500000 3.000000 1.687500 3.500000 5.000000
0.257500 1.500000 3.000000 2.000000 2.166670 6.000000
0.257500 1.500000 3.000000 2.000000 2.166670 7.000000
0.257500 1.500000 3.000000 2.000000 2.833330 4.000000
0.257500 1.500000 3.000000 2.000000 2.833330 7.000000
0.257500 1.500000 3.000000 2.000000 3.500000 5.000000
0.257500 1.500000 3.000000 2.000000 3.500000 6.000000
0.257500 2.000000 2.500000 0.750000 2.166670 6.000000
0.257500 2.000000 2.500000 0.750000 2.833330 4.000000
0.257500 2.000000 2.500000 0.750000 2.833330 7.000000
0.257500 2.000000 2.500000 0.750000 3.500000 4.000000
0.257500 2.000000 2.500000 1.062500 2.166670 4.000000
0.257500 2.000000 2.500000 1.062500 3.500000 5.000000
0.257500 2.000000 2.500000 1.375000 2.166670 4.000000
0.257500 2.000000 2.500000 1.375000 2.166670 5.000000
0.257500 2.000000 2.500000 1.687500 2.833330 7.000000
0.257500 2.000000 2.500000 2.000000 2.166670 5.000000
0.257500 2.000000 2.500000 2.000000 2.833330 6.000000
0.257500 2.000000 3.000000 0.750000 2.166670 5.000000
0.257500 2.000000 3.000000 1.062500 2.166670 4.000000
0.257500 2.000000 3.000000 1.062500 2.166670 7.000000
0.257500 2.000000 3.000000 1.062500 2.833330 6.000000
0.257500 2.000000 3.000000 1.062500 3.500000 5.000000
0.257500 2.000000 3.000000 1.375000 2.833330 6.000000
0.257500 2.000000 3.000000 1.375000 3.500000 5.000000
0.257500 2.000000 3.000000 1.375000 3.500000 6.000000
0.257500 2.000000 3.000000 2.000000 2.166670 5.000000
0.257500 2.000000 3.000000 2.000000 2.166670 7.000000
0.257500 2.000000 3.000000 2.000000 2.833330 6.000000
0.257500 2.000000 3.000000 2.000000 3.500000 4.000000
0.257500 2.000000 3.000000 2.000000 3.500000 7.000000
0.505000 1.000000 1.500000 0.750000 1.500000 4.000000
0.505000 1.000000 1.500000 0.750000 1.500000 6.000000
0.505000 1.000000 1.500000 0.750000 1.500000 7.000000
0.505000 1.000000 1.500000 0.750000 2.166670 4.000000
0.505000 1.000000 1.500000 0.750000 2.166670 5.000000
0.505000 1.000000 1.500000 0.750000 2.166670 7.000000
0.505000 1.000000 1.500000 0.750000 2.833330 4.000000
0.505000 1.000000 1.500000 0.750000 2.833330 5.000000
0.505000 1.000000 1.500000 0.750000 2.833330 6.000000
0.505000 1.000000 1.500000 0.750000 3.500000 4.000000
0.505000 1.000000 1.500000 1.062500 1.500000 4.000000
0.505000 1.000000 1.500000 1.062500 2.166670 4.000000
0.505000 1.000000 1.500000 1.062500 2.833330 4.000000
0.505000 1.000000 1.500000 1.062500 2.833330 6.000000
0.505000 1.000000 1.500000 1.062500 2.833330 7.000000
0.505000 1.000000 1.500000 1.062500 3.500000 5.000000
0.505000 1.000000 1.500000 1.062500 3.500000 6.000000
0.505000 1.000000 1.500000 1.375000 1.500000 6.000000
0.505000 1.000000 1.500000 1.375000 2.166670 7.000000
0.505000 1.000000 1.500000 1.375000 2.833330 4.000000
0.505000 1.000000 1.500000 1.375000 2.833330 6.000000
0.505000 1.000000 1.500000 1.375000 2.833330 7.000000
0.505000 1.000000 1.500000 1.375000 3.500000 4.000000
0.505000 1.000000 1.500000 1.375000 3.500000 7.000000
0.505000 1.000000 1.500000 1.687500 2.166670 4.000000
0.505000 1.000000 1.500000 1.687500 2.833330 4.000000
0.505000 1.000000 1.500000 1.687500 3.500000 5.000000
0.505000 1.000000 1.500000 2.000000 2.166670 6.000000
0.505000 1.000000 1.500000 2.000000 2.833330 4.000000
0.505000 1.000000 1.500000 2.000000 2.833330 5.000000
0.505000 1.000000 1.500000 2.000000 3.500000 4.000000
0.505000 1.000000 2.000000 0.750000 2.166670 5.000000
0.505000 1.000000 2.000000 0.750000 2.166670 6.000000
0.505000 1.000000 2.000000 0.750000 2.166670 7.000000
0.505000 1.000000 2.000000 0.750000 2.833330 5.000000
0.505000 1.000000 2.000000 0.750000 2.833330 6.000000
0.505000 1.000000 2.000000 0.750000 3.500000 4.000000
0.505000 1.000000 2.000000 1.062500 2.166670 7.000000
0.505000 1.000000 2.000000 1.062500 2.833330 4.000000
0.505000 1.000000 2.000000 1.062500 2.833330 6.000000
0.505000 1.000000 2.000000 1.375000 1.500000 5.000000
0.505000 1.000000 2.000000 1.375000 1.500000 6.000000
0.505000 1.000000 2.000000 1.375000 2.166670 4.000000
0.505000 1.000000 2.000000 1.375000 3.500000 4.000000
0.505000 1.000000 2.000000 1.687500 3.500000 7.000000
0.505000 1.000000 2.000000 2.000000 2.166670 4.000000
0.505000 1.000000 2.000000 2.000000 2.833330 7.000000
0.505000 1.000000 2.000000 2.000000 3.500000 7.000000
0.505000 1.000000 2.500000 0.750000 1.500000 7.000000
0.505000 1.000000 2.500000 0.750000 2.166670 4.000000
0.505000 1.000000 2.500000 0.750000 2.833330 5.000000
0.505000 1.000000 2.500000 0.750000 3.500000 4.000000
0.505000 1.000000 2.500000 1.062500 1.500000 6.000000
0.505000 1.000000 2.500000 1.062500 2.833330 6.000000
0.505000 1.000000 2.500000 1.375000 1.500000 4.000000
0.505000 1.000000 2.500000 1.375000 2.166670 5.000000
0.505000 1.000000 2.500000 1.375000 2.166670 7.000000
0.505000 1.000000 2.500000 1.375000 2.833330 4.000000
0.505000 1.000000 2.500000 1.375000 2.833330 7.000000
0.505000 1.000000 2.500000 1.687500 2.166670 4.000000
0.505000 1.000000 2.500000 1.687500 2.166670 5.000000
0.505000 1.000000 2.500000 1.687500 3.500000 7.000000
0.505000 1.000000 2.500000 2.000000 3.500000 5.000000
0.505000 1.000000 2.500000 2.000000 3.500000 7.000000
0.505000 1.000000 3.000000 0.750000 2.166670 5.000000
0.505000 1.000000 3.000000 0.750000 2.166670 7.000000
0.505000 1.000000 3.000000 1.062500 1.500000 6.000000
0.505000 1.000000 3.000000 1.062500 2.166670 5.000000
0.505000 1.000000 3.000000 1.062500 2.166670 6.000000
0.505000 1.000000 3.000000 1.062500 2.166670 7.000000
0.505000 1.000000 3.000000 1.062500 2.833330 4.000000
0.505000 1.000000 3.000000 1.062500 2.833330 5.000000
0.505000 1.000000 3.000000 1.687500 2.166670 5.000000
0.505000 1.000000 3.000000 1.687500 2.166670 6.000000
0.505000 1.000000 3.000000 1.687500 3.500000 7.000000
0.505000 1.000000 3.000000 2.000000 3.500000 6.000000
0.505000 1.500000 2.000000 0.750000 2.833330 4.000000
0.505000 1.500000 2.000000 0.750000 2.833330 6.000000
0.505000 1.500000 2.000000 0.750000 3.500000 5.000000
0.505000 1.500000 2.000000 0.750000 3.500000 6.000000
0.505000 1.500000 2.000000 0.750000 3.500000 7.000000
0.505000 1.500000 2.000000 1.062500 2.166670 7.000000
0.505000 1.500000 2.000000 1.062500 2.833330 4.000000
0.505000 1.500000 2.000000 1.062500 2.833330 5.000000
0.505000 1.500000 2.000000 1.375000 3.500000 4.000000
0.505000 1.500000 2.000000 2.000000 2.833330 4.000000
0.505000 1.500000 2.000000 2.000000 2.833330 6.000000
0.505000 1.500000 2.000000 2.000000 3.500000 5.000000
0.505000 1.500000 2.500000 0.750000 3.500000 7.000000
0.505000 1.500000 2.500000 1.062500 2.166670 7.000000
0.505000 1.500000 2.500000 1.062500 2.833330 5.000000
0.505000 1.500000 2.500000 1.062500 3.500000 5.000000
0.505000 1.500000 2.500000 1.062500 3.500000 7.000000
0.505000 1.500000 2.500000 1.375000 2.166670 4.000000
0.505000 1.500000 2.500000 1.375000 2.166670 5.000000
0.505000 1.500000 2.500000 1.375000 3.500000 6.000000
0.505000 1.500000 2.500000 1.687500 2.833330 5.000000
0.505000 1.500000 2.500000 1.687500 2.833330 6.000000
0.505000 1.500000 2.500000 1.687500 2.833330 7.000000
0.505000 1.500000 2.500000 1.687500 3.500000 4.000000
0.505000 1.500000 2.500000 2.000000 2.166670 6.000000
0.505000 1.500000 2.500000 2.000000 2.833330 5.000000
0.505000 1.500000 2.500000 2.000000 2.833330 6.000000
0.505000 1.500000 3.000000 0.750000 2.166670 6.000000
0.505000 1.500000 3.000000 0.750000 3.500000 4.000000
0.505000 1.500000 3.000000 1.062500 2.166670 6.000000
0.505000 1.500000 3.000000 1.062500 3.500000 5.000000
0.505000 1.500000 3.000000 1.062500 3.500000 7.000000
0.505000 1.500000 3.000000 1.375000 2.166670 5.000000
0.505000 1.500000 3.000000 1.375000 3.500000 5.000000
0.505000 1.500000 3.000000 1.375000 3.500000 6.000000
0.505000 1.500000 3.000000 1.687500 2.166670 4.000000
0.505000 1.500000 3.000000 1.687500 2.166670 5.000000
0.505000 1.500000 3.000000 1.687500 3.500000 4.000000
0.505000 1.500000 3.000000 1.687500 3.500000 5.000000
0.505000 1.500000 3.000000 1.687500 3.500000 6.000000
0.505000 1.500000 3.000000 2.000000 2.166670 4.000000
0.505000 1.500000 3.000000 2.000000 3.500000 4.000000
0.505000 2.000000 2.500000 0.750000 2.166670 4.000000
0.505000 2.000000 2.500000 0.750000 2.833330 4.000000
0.505000 2.000000 2.500000 1.062500 2.833330 4.000000
0.505000 2.000000 2.500000 1.062500 3.500000 4.000000
0.505000 2.000000 2.500000 1.062500 3.500000 7.000000
0.505000 2.000000 2.500000 1.375000 2.833330 5.000000
0.505000 2.000000 2.500000 1.375000 3.500000 7.000000
0.505000 2.000000 2.500000 1.687500 2.166670 6.000000
0.505000 2.000000 2.500000 1.687500 2.833330 4.000000
0.505000 2.000000 2.500000 1.687500 2.833330 7.000000
0.505000 2.000000 2.500000 1.687500 3.500000 4.000000
0.505000 2.000000 2.500000 1.687500 3.500000 6.000000
0.505000 2.000000 2.500000 2.000000 2.833330 5.000000
0.505000 2.000000 3.000000 0.750000 2.833330 4.000000
0.505000 2.000000 3.000000 0.750000 2.833330 6.000000
0.505000 2.000000 3.000000 1.062500 2.833330 6.000000
0.505000 2.000000 3.000000 1.062500 3.500000 6.000000
0.505000 2.000000 3.000000 1.375000 2.166670 4.000000
0.505000 2.000000 3.000000 1.375000 2.166670 5.000000
0.505000 2.000000 3.000000 1.375000 2.833330 6.000000
0.505000 2.000000 3.000000 1.375000 3.500000 6.000000
0.505000 2.000000 3.000000 1.687500 2.166670 5.000000
0.505000 2.000000 3.000000 1.687500 2.833330 4.000000
0.505000 2.000000 3.000000 1.687500 2.833330 5.000000
0.505000 2.000000 3.000000 1.687500 2.833330 6.000000
0.505000 2.000000 3.000000 1.687500 3.500000 7.000000
0.505000 2.000000 3.000000 2.000000 2.833330 5.000000
0.505000 2.000000 3.000000 2.000000 3.500000 5.000000
0.505000 2.000000 3.000000 2.000000 3.500000 6.000000
0.752500 1.000000 1.500000 1.062500 2.166670 5.000000
0.752500 1.000000 1.500000 1.062500 2.166670 6.000000
0.752500 1.000000 1.500000 1.062500 2.833330 5.000000
0.752500 1.000000 1.500000 1.062500 3.500000 5.000000
0.752500 1.000000 1.500000 1.062500 3.500000 7.000000
0.752500 1.000000 1.500000 1.375000 2.166670 4.000000
0.752500 1.000000 1.500000 1.375000 2.166670 6.000000
0.752500 1.000000 1.500000 1.375000 2.166670 7.000000
0.752500 1.000000 1.500000 1.687500 2.166670 4.000000
0.752500 1.000000 1.500000 1.687500 2.166670 6.000000
0.752500 1.000000 1.500000 1.687500 2.833330 5.000000
0.752500 1.000000 1.500000 1.687500 3.500000 4.000000
0.752500 1.000000 1.500000 1.687500 3.500000 7.000000
0.752500 1.000000 1.500000 2.000000 2.833330 4.000000
0.752500 1.000000 1.500000 2.000000 2.833330 5.000000
0.752500 1.000000 1.500000 2.000000 2.833330 6.000000
0.752500 1.000000 1.500000 2.000000 3.500000 6.000000
0.752500 1.000000 2.000000 1.062500 1.500000 4.000000
0.752500 1.000000 2.000000 1.062500 2.166670 4.000000
0.752500 1.000000 2.000000 1.062500 2.166670 7.000000
0.752500 1.000000 2.000000 1.062500 2.833330 7.000000
0.752500 1.000000 2.000000 1.062500 3.500000 4.000000
0.752500 1.000000 2.000000 1.375000 1.500000 6.000000
0.752500 1.000000 2.000000 1.375000 3.500000 4.000000
0.752500 1.000000 2.000000 1.375000 3.500000 6.000000
0.752500 1.000000 2.000000 1.687500 2.833330 4.000000
0.752500 1.000000 2.000000 1.687500 3.500000 4.000000
0.752500 1.000000 2.000000 1.687500 3.500000 7.000000
0.752500 1.000000 2.000000 2.000000 2.166670 4.000000
0.752500 1.000000 2.000000 2.000000 2.166670 7.000000
0.752500 1.000000 2.000000 2.000000 2.833330 6.000000
0.752500 1.000000 2.000000 2.000000 2.833330 7.000000
0.752500 1.000000 2.000000 2.000000 3.500000 5.000000
0.752500 1.000000 2.000000 2.000000 3.500000 6.000000
0.752500 1.000000 2.000000 2.000000 3.500000 7.000000
0.752500 1.000000 2.500000 1.062500 1.500000 4.000000
0.752500 1.000000 2.500000 1.062500 1.500000 5.000000
0.752500 1.000000 2.500000 1.062500 2.166670 7.000000
0.752500 1.000000 2.500000 1.375000 2.166670 5.000000
0.752500 1.000000 2.500000 1.375000 2.833330 4.000000
0.752500 1.000000 2.500000 1.375000 2.833330 6.000000
0.752500 1.000000 2.500000 1.687500 2.833330 7.000000
0.752500 1.000000 2.500000 2.000000 2.166670 4.000000
0.752500 1.000000 3.000000 1.062500 1.500000 4.000000
0.752500 1.000000 3.000000 1.062500 1.500000 6.000000
0.752500 1.000000 3.000000 1.062500 1.500000 7.000000
0.752500 1.000000 3.000000 1.062500 2.166670 5.000000
0.752500 1.000000 3.000000 1.062500 2.166670 7.000000
0.752500 1.000000 3.000000 1.062500 3.500000 4.000000
0.752500 1.000000 3.000000 1.375000 2.833330 7.000000
0.752500 1.000000 3.000000 1.375000 3.500000 7.000000
0.752500 1.000000 3.000000 1.687500 2.166670 5.000000
0.752500 1.000000 3.000000 1.687500 2.166670 7.000000
0.752500 1.000000 3.000000 2.000000 2.166670 5.000000
0.752500 1.000000 3.000000 2.000000 2.166670 7.000000
0.752500 1.000000 3.000000 2.000000 3.500000 5.000000
0.752500 1.000000 3.000000 2.000000 3.500000 7.000000
0.752500 1.500000 2.000000 1.062500 2.166670 5.000000
0.752500 1.500000 2.000000 1.062500 2.166670 6.000000
0.752500 1.500000 2.000000 1.062500 2.166670 7.000000
0.752500 1.500000 2.000000 1.062500 2.833330 5.000000
0.752500 1.500000 2.000000 1.375000 2.166670 4.000000
0.752500 1.500000 2.000000 1.375000 2.833330 5.000000
0.752500 1.500000 2.000000 1.375000 3.500000 5.000000
0.752500 1.500000 2.000000 1.687500 2.833330 4.000000
0.752500 1.500000 2.000000 1.687500 2.833330 7.000000
0.752500 1.500000 2.000000 2.000000 2.833330 4.000000
0.752500 1.500000 2.000000 2.000000 2.833330 6.000000
0.752500 1.500000 2.000000 2.000000 2.833330 7.000000
0.752500 1.500000 2.000000 2.000000 3.500000 5.000000
0.752500 1.500000 2.500000 1.062500 2.833330 4.000000
0.752500 1.500000 2.500000 1.062500 2.833330 7.000000
0.752500 1.500000 2.500000 1.062500 3.500000 7.000000
0.752500 1.500000 2.500000 1.375000 2.166670 7.000000
0.752500 1.500000 2.500000 1.375000 2.833330 4.000000
0.752500 1.500000 2.500000 1.375000 3.500000 6.000000
0.752500 1.500000 2.500000 1.375000 3.500000 7.000000
0.752500 1.500000 2.500000 1.687500 2.166670 4.000000
0.752500 1.500000 2.500000 1.687500 2.166670 6.000000
0.752500 1.500000 2.500000 1.687500 3.500000 5.000000
0.752500 1.500000 2.500000 1.687500 3.500000 7.000000
0.752500 1.500000 3.000000 1.062500 2.166670 6.000000
0.752500 1.500000 3.000000 1.062500 2.166670 7.000000
0.752500 1.500000 3.000000 1.062500 3.500000 4.000000
0.752500 1.500000 3.000000 1.062500 3.500000 7.000000
0.752500 1.500000 3.000000 1.375000 2.166670 7.000000
0.752500 1.500000 3.000000 1.375000 2.833330 6.000000
0.752500 1.500000 3.000000 1.375000 3.500000 4.000000
0.752500 1.500000 3.000000 1.375000 3.500000 5.000000
0.752500 1.500000 3.000000 1.375000 3.500000 7.000000
0.752500 1.500000 3.000000 1.687500 2.166670 6.000000
0.752500 1.500000 3.000000 1.687500 2.166670 7.000000
0.752500 1.500000 3.000000 1.687500 2.833330 4.000000
0.752500 1.500000 3.000000 1.687500 2.833330 5.000000
0.752500 1.500000 3.000000 1.687500 3.500000 7.000000
0.752500 1.500000 3.000000 2.000000 2.833330 7.000000
0.752500 1.500000 3.000000 2.000000 3.500000 7.000000
0.752500 2.000000 2.500000 1.062500 2.166670 7.000000
0.752500 2.000000 2.500000 1.062500 2.833330 4.000000
0.752500 2.000000 2.500000 1.375000 2.166670 5.000000
0.752500 2.000000 2.500000 1.375000 2.166670 6.000000
0.752500 2.000000 2.500000 1.375000 2.833330 5.000000
0.752500 2.000000 2.500000 1.375000 3.500000 6.000000
0.752500 2.000000 2.500000 1.375000 3.500000 7.000000
0.752500 2.000000 2.500000 1.687500 2.166670 4.000000
0.752500 2.000000 2.500000 1.687500 2.166670 5.000000
0.752500 2.000000 2.500000 2.000000 2.166670 4.000000
0.752500 2.000000 2.500000 2.000000 2.166670 7.000000
0.752500 2.000000 2.500000 2.000000 2.833330 5.000000
0.752500 2.000000 2.500000 2.000000 2.833330 6.000000
0.752500 2.000000 2.500000 2.000000 3.500000 4.000000
0.752500 2.000000 2.500000 2.000000 3.500000 5.000000
0.752500 2.000000 3.000000 1.062500 2.166670 4.000000
0.752500 2.000000 3.000000 1.062500 2.833330 4.000000
0.752500 2.000000 3.000000 1.062500 2.833330 6.000000
0.752500 2.000000 3.000000 1.062500 3.500000 4.000000
0.752500 2.000000 3.000000 1.375000 2.166670 4.000000
0.752500 2.000000 3.000000 1.375000 2.166670 5.000000
0.752500 2.000000 3.000000 1.375000 2.833330 6.000000
0.752500 2.000000 3.000000 1.687500 2.166670 5.000000
0.752500 2.000000 3.000000 1.687500 2.166670 6.000000
0.752500 2.000000 3.000000 1.687500 2.833330 6.000000
0.752500 2.000000 3.000000 1.687500 2.833330 7.000000
0.752500 2.000000 3.000000 1.687500 3.500000 4.000000
0.752500 2.000000 3.000000 1.687500 3.500000 6.000000
0.752500 2.000000 3.000000 2.000000 2.166670 4.000000
0.752500 2.000000 3.000000 2.000000 2.833330 4.000000
0.752500 2.000000 3.000000 2.000000 2.833330 7.000000
0.752500 2.000000 3.000000 2.000000 3.500000 6.000000
0.752500 2.000000 3.000000 2.000000 3.500000 7.000000
1.000000 1.500000 2.000000 1.062500 2.833330 6.000000
1.000000 1.500000 2.000000 1.062500 3.500000 7.000000
1.000000 1.500000 2.000000 1.375000 2.833330 4.000000
1.000000 1.500000 2.000000 1.375000 2.833330 7.000000
1.000000 1.500000 2.000000 1.375000 3.500000 5.000000
1.000000 1.500000 2.000000 1.687500 2.166670 6.000000
1.000000 1.500000 2.000000 1.687500 3.500000 5.000000
1.000000 1.500000 2.000000 1.687500 3.500000 6.000000
1.000000 1.500000 2.500000 1.062500 2.166670 7.000000
1.000000 1.500000 2.500000 1.375000 2.833330 5.000000
1.000000 1.500000 2.500000 1.375000 2.833330 6.000000
1.000000 1.500000 2.500000 1.687500 2.166670 6.000000
1.000000 1.500000 2.500000 1.687500 3.500000 5.000000
1.000000 1.500000 2.500000 2.000000 2.166670 6.000000
1.000000 1.500000 2.500000 2.000000 2.166670 7.000000
1.000000 1.500000 2.500000 2.000000 2.833330 4.000000
1.000000 1.500000 2.500000 2.000000 2.833330 7.000000
1.000000 1.500000 2.500000 2.000000 3.500000 7.000000
1.000000 1.500000 3.000000 1.062500 2.166670 6.000000
1.000000 1.500000 3.000000 1.062500 2.833330 5.000000
1.000000 1.500000 3.000000 1.062500 2.833330 6.000000
1.000000 1.500000 3.000000 1.062500 2.833330 7.000000
1.000000 1.500000 3.000000 1.062500 3.500000 7.000000
1.000000 1.500000 3.000000 1.375000 2.166670 6.000000
1.000000 1.500000 3.000000 1.375000 2.833330 5.000000
1.000000 1.500000 3.000000 1.375000 2.833330 7.000000
1.000000 1.500000 3.000000 1.687500 2.166670 5.000000
1.000000 1.500000 3.000000 1.687500 2.166670 7.000000
1.000000 1.500000 3.000000 1.687500 2.833330 7.000000
1.000000 1.500000 3.000000 1.687500 3.500000 6.000000
1.000000 1.500000 3.000000 2.000000 2.166670 6.000000
1.000000 1.500000 3.000000 2.000000 2.166670 7.000000
1.000000 1.500000 3.000000 2.000000 2.833330 5.000000
1.000000 1.500000 3.000000 2.000000 3.500000 5.000000
1.000000 2.000000 2.500000 1.062500 2.833330 4.000000
1.000000 2.000000 2.500000 1.062500 2.833330 5.000000
1.000000 2.000000 2.500000 1.375000 2.166670 4.000000
1.000000 2.000000 2.500000 1.375000 2.166670 5.000000
1.000000 2.000000 2.500000 1.375000 2.833330 6.000000
1.000000 2.000000 2.500000 1.375000 2.833330 7.000000
1.000000 2.000000 2.500000 1.375000 3.500000 7.000000
1.000000 2.000000 2.500000 1.687500 2.166670 5.000000
1.000000 2.000000 2.500000 1.687500 2.166670 6.000000
1.000000 2.000000 2.500000 1.687500 2.833330 6.000000
1.000000 2.000000 3.000000 1.062500 2.166670 4.000000
1.000000 2.000000 3.000000 1.062500 2.833330 5.000000
1.000000 2.000000 3.000000 1.062500 2.833330 6.000000
1.000000 2.000000 3.000000 1.375000 2.166670 7.000000
1.000000 2.000000 3.000000 1.375000 2.833330 4.000000
1.000000 2.000000 3.000000 1.375000 3.500000 4.000000
1.000000 2.000000 3.000000 1.687500 3.500000 6.000000
1.000000 2.000000 3.000000 2.000000 2.166670 4.000000
1.000000 2.000000 3.000000 2.000000 2.166670 6.000000
1.000000 2.000000 3.000000 2.000000 2.166670 7.000000
1.000000 2.000000 3.000000 2.000000 2.833330 6.000000
1.000000 2.000000 3.000000 2.000000 2.833330 7.000000
1.000000 2.000000 3.000000 2.000000 3.500000 4.000000
1.000000 2.000000 3.000000 2.000000 3.500000 7.000000
