0.127673 0.127673 0.071816 0.071816 0.071816 0.071816 0.063837 0.045962 0.045962 0.045962 0.045962 0.045962 0.045962 0.045962 0.035908 0.035908
0.136682 0.076884 0.076884 0.076884 0.076884 0.076883 0.068341 0.049206 0.049206 0.049206 0.049206 0.049205 0.049205 0.038442 0.038442 0.038442
0.123001 0.123001 0.069188 0.069188 0.069188 0.069188 0.061501 0.061501 0.044280 0.044280 0.044280 0.044280 0.044280 0.044280 0.044280 0.044280
0.129450 0.129450 0.072816 0.072815 0.064725 0.064725 0.046602 0.046602 0.046602 0.046602 0.046602 0.046602 0.046602 0.046602 0.046602 0.046602
0.127673 0.127673 0.071816 0.071816 0.071816 0.071816 0.063837 0.045962 0.045962 0.045962 0.045962 0.045962 0.045962 0.045962 0.035908 0.035908
0.115875 0.115875 0.115875 0.065181 0.065179 0.065179 0.065179 0.057937 0.041715 0.041715 0.041715 0.041715 0.041715 0.041715 0.041715 0.041715
0.133223 0.133222 0.074938 0.074937 0.066611 0.047960 0.047960 0.047960 0.047960 0.047960 0.047960 0.047960 0.047960 0.047960 0.047960 0.037469
0.123001 0.123001 0.069188 0.069188 0.069188 0.069188 0.061501 0.061501 0.044280 0.044280 0.044280 0.044280 0.044280 0.044280 0.044280 0.044280
0.134930 0.075900 0.075898 0.075898 0.075898 0.067465 0.067465 0.048575 0.048575 0.048575 0.048575 0.048575 0.048575 0.048575 0.048574 0.037949
0.116720 0.116720 0.116720 0.065656 0.065655 0.065655 0.058360 0.058360 0.042020 0.042020 0.042020 0.042019 0.042019 0.042019 0.042019 0.042019
0.137221 0.077187 0.077187 0.077187 0.068611 0.068611 0.049400 0.049400 0.049400 0.049400 0.049400 0.049400 0.049400 0.049399 0.049399 0.049399
0.156785 0.088191 0.088191 0.056443 0.056443 0.056442 0.056442 0.056442 0.056442 0.056442 0.056442 0.044096 0.044096 0.044096 0.041502 0.041502
0.133824 0.133824 0.075276 0.075276 0.075275 0.066912 0.048177 0.048177 0.048177 0.048177 0.048176 0.048176 0.037638 0.037638 0.037638 0.037638
0.122063 0.122063 0.068660 0.068660 0.068660 0.068660 0.068660 0.061031 0.043943 0.043943 0.043943 0.043943 0.043943 0.043943 0.043943 0.043942
0.131320 0.073867 0.073867 0.073867 0.073867 0.073867 0.073867 0.047275 0.047275 0.047275 0.047275 0.047275 0.047275 0.047275 0.047275 0.047275
0.125156 0.125156 0.070402 0.070400 0.070400 0.070400 0.062578 0.045057 0.045056 0.045056 0.045056 0.045056 0.045056 0.045056 0.045056 0.045056
0.122063 0.122063 0.068660 0.068660 0.068660 0.068660 0.068660 0.061032 0.043943 0.043943 0.043943 0.043943 0.043943 0.043943 0.043942 0.043942
0.111452 0.111452 0.111452 0.062692 0.062692 0.062692 0.062692 0.062691 0.055726 0.055726 0.040123 0.040123 0.040123 0.040123 0.040123 0.040123
0.106638 0.106638 0.106638 0.059985 0.059984 0.059984 0.059984 0.059984 0.059984 0.059983 0.053319 0.053319 0.038390 0.038390 0.038390 0.038390
0.123001 0.123001 0.069188 0.069188 0.069188 0.069188 0.061501 0.061501 0.044280 0.044280 0.044280 0.044280 0.044280 0.044280 0.044280 0.044280
0.117164 0.117164 0.065906 0.065905 0.065905 0.065905 0.065905 0.065904 0.058582 0.058582 0.042180 0.042180 0.042179 0.042179 0.042179 0.042179
0.111451 0.111451 0.111451 0.062693 0.062691 0.062691 0.062691 0.062691 0.055726 0.055726 0.040123 0.040123 0.040123 0.040123 0.040123 0.040123
0.129450 0.129450 0.072815 0.072815 0.064725 0.064725 0.046602 0.046602 0.046602 0.046602 0.046602 0.046602 0.046602 0.046602 0.046602 0.046602
0.116720 0.116720 0.116720 0.065655 0.065655 0.065654 0.058360 0.058360 0.042020 0.042020 0.042019 0.042019 0.042019 0.042019 0.042019 0.042019
0.124185 0.124185 0.069855 0.069854 0.069854 0.069854 0.069854 0.044707 0.044707 0.044707 0.044706 0.044706 0.044706 0.044706 0.044706 0.044706
0.141492 0.141492 0.079589 0.070746 0.050938 0.050938 0.050937 0.050937 0.050937 0.050937 0.050937 0.050937 0.039795 0.039795 0.039795 0.039795
0.128411 0.128411 0.072231 0.072231 0.072230 0.064205 0.046229 0.046229 0.046228 0.046228 0.046228 0.046228 0.046228 0.046228 0.046228 0.046228
0.121139 0.121139 0.068141 0.068141 0.068141 0.068141 0.068141 0.068140 0.043610 0.043610 0.043610 0.043610 0.043610 0.043610 0.043610 0.043610
0.128680 0.128680 0.072382 0.072382 0.072382 0.072382 0.046325 0.046325 0.046325 0.046325 0.046325 0.046325 0.046325 0.046324 0.046324 0.036191
0.131319 0.073869 0.073867 0.073867 0.073867 0.073867 0.073866 0.047276 0.047276 0.047275 0.047275 0.047275 0.047275 0.047275 0.047275 0.047275
0.134907 0.075887 0.075885 0.075885 0.075885 0.075884 0.048567 0.048567 0.048567 0.048567 0.048567 0.048567 0.048567 0.048567 0.048567 0.048566
0.120012 0.120012 0.067507 0.067507 0.067507 0.067507 0.067506 0.060006 0.060006 0.043204 0.043204 0.043204 0.043204 0.043204 0.043204 0.043204
0.077534 0.077533 0.077533 0.077533 0.077533 0.077532 0.068918 0.068918 0.049621 0.049621 0.049621 0.049621 0.049621 0.049621 0.049621 0.049621
0.108992 0.108992 0.108992 0.061309 0.061308 0.061308 0.061308 0.061308 0.061308 0.054496 0.054496 0.039237 0.039237 0.039237 0.039237 0.039237
0.111452 0.111452 0.111452 0.062692 0.062692 0.062692 0.062692 0.062691 0.055726 0.055726 0.040123 0.040123 0.040123 0.040123 0.040123 0.040123
0.124649 0.124649 0.124649 0.070115 0.062325 0.044874 0.044874 0.044874 0.044874 0.044874 0.044874 0.044874 0.044874 0.044874 0.044874 0.044874
0.116720 0.116720 0.116720 0.065655 0.065655 0.065654 0.058360 0.058360 0.042019 0.042019 0.042019 0.042019 0.042019 0.042019 0.042019 0.042019
0.122063 0.122063 0.068660 0.068660 0.068660 0.068660 0.068660 0.061031 0.043943 0.043943 0.043943 0.043943 0.043943 0.043943 0.043943 0.043943
0.132407 0.074479 0.074479 0.074479 0.074479 0.074478 0.066203 0.047666 0.047666 0.047666 0.047666 0.047666 0.047666 0.047666 0.047666 0.047666
0.114025 0.114025 0.114025 0.064140 0.064139 0.064139 0.064138 0.057012 0.057012 0.041049 0.041049 0.041049 0.041049 0.041049 0.041049 0.041049
0.139909 0.078700 0.078699 0.078699 0.069954 0.050368 0.050368 0.050367 0.050367 0.050367 0.050367 0.050367 0.050367 0.050367 0.050367 0.050367
0.123001 0.123001 0.069188 0.069188 0.069188 0.069188 0.061501 0.061501 0.044280 0.044280 0.044280 0.044280 0.044280 0.044280 0.044280 0.044280
0.118659 0.118659 0.118659 0.066746 0.066746 0.066746 0.059330 0.042718 0.042718 0.042717 0.042717 0.042717 0.042717 0.042717 0.042717 0.042717
0.111451 0.111451 0.111451 0.062693 0.062691 0.062691 0.062691 0.062691 0.055726 0.055726 0.040123 0.040123 0.040123 0.040122 0.040122 0.040122
0.125156 0.125156 0.070400 0.070400 0.070400 0.070400 0.062578 0.045057 0.045057 0.045057 0.045056 0.045056 0.045056 0.045056 0.045056 0.045056
0.111452 0.111452 0.111452 0.062692 0.062692 0.062692 0.062692 0.062691 0.055726 0.055726 0.040123 0.040123 0.040123 0.040123 0.040123 0.040123
0.122063 0.122063 0.068662 0.068660 0.068660 0.068660 0.068660 0.061031 0.043943 0.043943 0.043943 0.043943 0.043943 0.043943 0.043943 0.043943
0.139034 0.078207 0.078207 0.078207 0.078206 0.069517 0.050052 0.050052 0.050052 0.050052 0.050052 0.050052 0.050052 0.050052 0.039103 0.039103
0.122063 0.122063 0.068662 0.068660 0.068660 0.068660 0.068660 0.061031 0.043943 0.043943 0.043943 0.043943 0.043943 0.043943 0.043943 0.043943
0.114025 0.114025 0.114025 0.064139 0.064139 0.064139 0.064138 0.057013 0.057013 0.041049 0.041049 0.041049 0.041049 0.041049 0.041049 0.041049
0.114025 0.114025 0.114025 0.064140 0.064139 0.064139 0.064138 0.057012 0.057012 0.041049 0.041049 0.041049 0.041049 0.041049 0.041049 0.041049
0.115875 0.115875 0.115875 0.065180 0.065180 0.065180 0.065179 0.057937 0.041715 0.041715 0.041715 0.041715 0.041715 0.041715 0.041715 0.041715
0.127673 0.127673 0.071816 0.071816 0.071816 0.071816 0.063837 0.045962 0.045962 0.045962 0.045962 0.045962 0.045962 0.045962 0.035908 0.035908
0.117164 0.117164 0.065906 0.065905 0.065905 0.065905 0.065905 0.065904 0.058582 0.058582 0.042180 0.042179 0.042179 0.042179 0.042179 0.042179
0.121580 0.121580 0.121580 0.068390 0.068388 0.060790 0.043770 0.043770 0.043769 0.043769 0.043769 0.043769 0.043769 0.043769 0.043769 0.043769
0.113218 0.113218 0.113218 0.063686 0.063685 0.063685 0.063685 0.063684 0.056609 0.040759 0.040759 0.040759 0.040758 0.040758 0.040758 0.040758
0.129450 0.129450 0.072815 0.072815 0.064725 0.064725 0.046602 0.046602 0.046602 0.046602 0.046602 0.046602 0.046602 0.046602 0.046602 0.046602
0.122063 0.122063 0.068660 0.068660 0.068660 0.068660 0.068660 0.061031 0.043943 0.043943 0.043943 0.043943 0.043943 0.043943 0.043943 0.043943
0.114025 0.114025 0.114025 0.064139 0.064139 0.064139 0.064138 0.057013 0.057013 0.041049 0.041049 0.041049 0.041049 0.041049 0.041049 0.041049
0.128949 0.072535 0.072534 0.072534 0.072534 0.072534 0.072533 0.064474 0.046422 0.046422 0.046422 0.046422 0.046422 0.046422 0.046422 0.046422
0.122063 0.122063 0.068660 0.068660 0.068660 0.068660 0.068660 0.061031 0.043943 0.043943 0.043943 0.043943 0.043943 0.043943 0.043943 0.043943
0.127673 0.127673 0.071816 0.071816 0.071816 0.071816 0.063837 0.045962 0.045962 0.045962 0.045962 0.045962 0.045962 0.045962 0.035908 0.035908
0.125156 0.125156 0.070402 0.070400 0.070400 0.070400 0.062578 0.045057 0.045057 0.045056 0.045056 0.045056 0.045056 0.045056 0.045056 0.045056
0.081568 0.081566 0.081566 0.081566 0.081566 0.081565 0.052203 0.052203 0.052202 0.052202 0.052202 0.052202 0.052202 0.052202 0.052202 0.040783
0.111452 0.111452 0.111452 0.062691 0.062691 0.062691 0.062691 0.062691 0.055726 0.055726 0.040123 0.040123 0.040123 0.040123 0.040123 0.040123
0.114025 0.114025 0.114025 0.064139 0.064139 0.064139 0.064138 0.057012 0.057012 0.041050 0.041050 0.041050 0.041049 0.041049 0.041049 0.041049
0.136054 0.076532 0.076530 0.076530 0.076530 0.068027 0.048980 0.048980 0.048980 0.048979 0.048979 0.048979 0.048979 0.048979 0.048979 0.048979
0.120664 0.120664 0.120664 0.067873 0.067873 0.067873 0.043439 0.043439 0.043439 0.043439 0.043439 0.043439 0.043439 0.043439 0.043439 0.043439
0.129723 0.129723 0.072969 0.072969 0.072968 0.064861 0.046700 0.046700 0.046700 0.046700 0.046700 0.046700 0.046700 0.046700 0.046700 0.036485
0.125157 0.125157 0.070401 0.070401 0.070401 0.070400 0.062578 0.045056 0.045056 0.045056 0.045056 0.045056 0.045056 0.045056 0.045056 0.045056
0.120012 0.120012 0.067508 0.067507 0.067507 0.067507 0.067506 0.060006 0.060006 0.043205 0.043205 0.043205 0.043204 0.043204 0.043204 0.043204
0.123001 0.123001 0.069189 0.069188 0.069188 0.069187 0.061500 0.061500 0.044281 0.044281 0.044281 0.044280 0.044280 0.044280 0.044280 0.044280
0.118659 0.118659 0.118659 0.066746 0.066746 0.066745 0.059330 0.042717 0.042717 0.042717 0.042717 0.042717 0.042717 0.042717 0.042717 0.042717
0.122063 0.122063 0.068662 0.068660 0.068660 0.068660 0.068659 0.061031 0.043943 0.043943 0.043943 0.043943 0.043943 0.043943 0.043943 0.043943
0.131622 0.074039 0.074037 0.074037 0.074037 0.074037 0.074037 0.065811 0.047385 0.047384 0.047384 0.047384 0.047384 0.047384 0.037019 0.037019
0.113636 0.113636 0.063922 0.063920 0.063920 0.063920 0.063920 0.063920 0.063920 0.063920 0.056818 0.040910 0.040910 0.040909 0.040909 0.040909
0.122063 0.122063 0.068662 0.068660 0.068660 0.068660 0.068660 0.061031 0.043943 0.043943 0.043943 0.043943 0.043943 0.043943 0.043943 0.043943
0.106638 0.106638 0.106638 0.059985 0.059984 0.059984 0.059984 0.059984 0.059984 0.059983 0.053319 0.053319 0.038390 0.038390 0.038390 0.038390
0.132407 0.074479 0.074479 0.074479 0.074479 0.074478 0.066203 0.047666 0.047666 0.047666 0.047666 0.047666 0.047666 0.047666 0.047666 0.047666
0.124688 0.070139 0.070137 0.070137 0.070137 0.070137 0.070137 0.070137 0.070136 0.044888 0.044888 0.044888 0.044888 0.044888 0.044888 0.044888
0.123001 0.123001 0.069189 0.069188 0.069188 0.069188 0.061500 0.061500 0.044281 0.044281 0.044281 0.044280 0.044280 0.044280 0.044280 0.044280
0.113218 0.113218 0.113218 0.063685 0.063685 0.063685 0.063685 0.063685 0.056609 0.040759 0.040759 0.040759 0.040759 0.040759 0.040759 0.040759
0.120012 0.120012 0.067508 0.067507 0.067507 0.067507 0.067507 0.060006 0.060006 0.043205 0.043205 0.043205 0.043204 0.043204 0.043204 0.043204
0.128949 0.072534 0.072534 0.072534 0.072534 0.072534 0.072533 0.064474 0.046422 0.046422 0.046422 0.046422 0.046422 0.046422 0.046422 0.046422
0.110681 0.110681 0.110681 0.062258 0.062258 0.062258 0.062258 0.062258 0.062257 0.055340 0.039845 0.039845 0.039845 0.039845 0.039845 0.039845
0.128949 0.072535 0.072534 0.072534 0.072534 0.072534 0.072534 0.064474 0.046422 0.046422 0.046422 0.046422 0.046422 0.046422 0.046422 0.046422
0.139033 0.078208 0.078206 0.078206 0.078206 0.069517 0.050053 0.050052 0.050052 0.050052 0.050052 0.050052 0.050052 0.050052 0.039104 0.039104
0.116313 0.116313 0.065426 0.065426 0.065426 0.065426 0.065426 0.065426 0.065425 0.058156 0.041873 0.041873 0.041873 0.041873 0.041873 0.041873
0.134635 0.134635 0.075732 0.075732 0.067317 0.048469 0.048469 0.048469 0.048469 0.048469 0.048469 0.048469 0.048469 0.048468 0.037866 0.037866
0.122063 0.122063 0.068660 0.068660 0.068660 0.068660 0.068660 0.061031 0.043943 0.043943 0.043943 0.043943 0.043943 0.043943 0.043943 0.043943
0.128949 0.072535 0.072534 0.072534 0.072534 0.072534 0.072534 0.064474 0.046422 0.046422 0.046422 0.046422 0.046422 0.046422 0.046422 0.046422
0.122063 0.122063 0.068660 0.068660 0.068660 0.068660 0.068660 0.061031 0.043943 0.043943 0.043943 0.043943 0.043943 0.043943 0.043943 0.043943
0.119118 0.119118 0.067004 0.067004 0.067004 0.067004 0.067004 0.067003 0.059559 0.042883 0.042883 0.042883 0.042883 0.042883 0.042883 0.042883
0.120012 0.120012 0.067507 0.067507 0.067507 0.067507 0.067506 0.060006 0.060006 0.043204 0.043204 0.043204 0.043204 0.043204 0.043204 0.043204
0.104384 0.104384 0.104384 0.058717 0.058716 0.058716 0.058716 0.058716 0.058716 0.058716 0.058715 0.052192 0.052192 0.037579 0.037579 0.037578
0.111452 0.111452 0.111452 0.062692 0.062692 0.062692 0.062692 0.062691 0.055726 0.055726 0.040123 0.040123 0.040123 0.040123 0.040123 0.040123
0.123001 0.123001 0.069188 0.069188 0.069188 0.069188 0.061501 0.061501 0.044280 0.044280 0.044280 0.044280 0.044280 0.044280 0.044280 0.044280
0.111451 0.111451 0.111451 0.062693 0.062691 0.062691 0.062691 0.062691 0.055726 0.055726 0.040123 0.040123 0.040123 0.040123 0.040123 0.040123
0.113218 0.113218 0.113218 0.063686 0.063685 0.063685 0.063685 0.063684 0.056609 0.040759 0.040759 0.040759 0.040758 0.040758 0.040758 0.040758
0.108992 0.108992 0.108992 0.061308 0.061308 0.061308 0.061308 0.061308 0.061307 0.054496 0.054496 0.039237 0.039237 0.039237 0.039237 0.039237
0.120012 0.120012 0.067507 0.067507 0.067507 0.067507 0.067506 0.060006 0.060006 0.043204 0.043204 0.043204 0.043204 0.043204 0.043204 0.043204
0.119118 0.119118 0.067005 0.067004 0.067004 0.067004 0.067004 0.067003 0.059559 0.042883 0.042883 0.042883 0.042883 0.042883 0.042883 0.042883
0.119118 0.119118 0.067005 0.067004 0.067004 0.067004 0.067004 0.067003 0.059559 0.042883 0.042883 0.042883 0.042883 0.042883 0.042883 0.042883
0.140572 0.079074 0.079072 0.079072 0.079072 0.070286 0.050607 0.050606 0.050606 0.050606 0.050606 0.050606 0.050606 0.039536 0.039536 0.039536
0.132429 0.132429 0.074491 0.074491 0.074490 0.066214 0.047674 0.047674 0.047674 0.047674 0.047674 0.047674 0.047674 0.037246 0.037246 0.037246
0.137552 0.137552 0.077373 0.077373 0.068776 0.049519 0.049519 0.049519 0.049519 0.049519 0.049519 0.049518 0.038686 0.038686 0.038686 0.038686
0.140228 0.078880 0.078878 0.078878 0.078878 0.050483 0.050483 0.050482 0.050482 0.050482 0.050482 0.050482 0.050482 0.050482 0.050482 0.039439
0.114025 0.114025 0.114025 0.064139 0.064139 0.064139 0.064138 0.057013 0.057013 0.041049 0.041049 0.041049 0.041049 0.041049 0.041049 0.041049
0.079760 0.079759 0.079759 0.079759 0.079758 0.070897 0.070897 0.051046 0.051046 0.051046 0.051046 0.051046 0.051046 0.051046 0.051046 0.051046
0.132406 0.074480 0.074478 0.074478 0.074478 0.074478 0.066203 0.047667 0.047667 0.047667 0.047666 0.047666 0.047666 0.047666 0.047666 0.047666
0.121581 0.121581 0.121581 0.068389 0.068389 0.060790 0.043769 0.043769 0.043769 0.043769 0.043769 0.043769 0.043769 0.043769 0.043769 0.043769
0.120012 0.120012 0.067507 0.067507 0.067507 0.067507 0.067506 0.060006 0.060006 0.043204 0.043204 0.043204 0.043204 0.043204 0.043204 0.043204
0.114025 0.114025 0.114025 0.064139 0.064139 0.064139 0.064138 0.057013 0.057013 0.041049 0.041049 0.041049 0.041049 0.041049 0.041049 0.041049
0.132406 0.074480 0.074479 0.074478 0.074478 0.074478 0.066203 0.047667 0.047667 0.047666 0.047666 0.047666 0.047666 0.047666 0.047666 0.047666
0.127388 0.127388 0.071657 0.071656 0.071656 0.071655 0.045860 0.045860 0.045860 0.045860 0.045860 0.045860 0.045860 0.045860 0.045860 0.045860
0.115875 0.115875 0.115875 0.065181 0.065179 0.065179 0.065179 0.057937 0.041715 0.041715 0.041715 0.041715 0.041715 0.041715 0.041715 0.041715
0.133511 0.075101 0.075100 0.075100 0.075100 0.066755 0.066755 0.048065 0.048065 0.048065 0.048064 0.048064 0.048064 0.048064 0.048064 0.048064
0.108992 0.108992 0.108992 0.061309 0.061308 0.061308 0.061308 0.061308 0.061307 0.054496 0.054496 0.039238 0.039238 0.039237 0.039237 0.039237
0.141467 0.079575 0.079575 0.079575 0.070734 0.050929 0.050929 0.050928 0.050928 0.050928 0.050928 0.050928 0.050928 0.050928 0.050928 0.039788
0.122063 0.122063 0.068662 0.068660 0.068660 0.068660 0.068660 0.061031 0.043943 0.043943 0.043943 0.043943 0.043943 0.043943 0.043943 0.043943
0.140572 0.079074 0.079072 0.079072 0.079072 0.070286 0.050607 0.050607 0.050606 0.050606 0.050606 0.050606 0.050606 0.039536 0.039536 0.039536
0.129997 0.129997 0.073123 0.073123 0.073123 0.073123 0.046799 0.046799 0.046799 0.046799 0.046799 0.046799 0.046799 0.046798 0.036562 0.036562
0.137528 0.077360 0.077360 0.077360 0.077360 0.068764 0.049510 0.049510 0.049510 0.049510 0.049510 0.049510 0.049510 0.049510 0.049510 0.038680
0.120012 0.120012 0.067508 0.067507 0.067507 0.067507 0.067507 0.060006 0.060006 0.043205 0.043205 0.043204 0.043204 0.043204 0.043204 0.043204
0.123001 0.123001 0.069188 0.069188 0.069188 0.069188 0.061501 0.061501 0.044280 0.044280 0.044280 0.044280 0.044280 0.044280 0.044280 0.044280
0.111451 0.111451 0.111451 0.062693 0.062691 0.062691 0.062691 0.062691 0.055726 0.055726 0.040123 0.040123 0.040123 0.040123 0.040123 0.040123
0.119118 0.119118 0.067005 0.067004 0.067004 0.067004 0.067004 0.067003 0.059559 0.042883 0.042883 0.042883 0.042883 0.042883 0.042883 0.042883
0.120012 0.120012 0.067507 0.067507 0.067507 0.067507 0.067506 0.060006 0.060006 0.043204 0.043204 0.043204 0.043204 0.043204 0.043204 0.043204
0.116720 0.116720 0.116720 0.065656 0.065655 0.065655 0.058360 0.058360 0.042020 0.042020 0.042020 0.042019 0.042019 0.042019 0.042019 0.042019
0.111452 0.111452 0.111452 0.062692 0.062692 0.062692 0.062692 0.062691 0.055726 0.055726 0.040123 0.040123 0.040123 0.040123 0.040123 0.040123
0.122063 0.122063 0.068660 0.068660 0.068660 0.068660 0.068660 0.061031 0.043943 0.043943 0.043943 0.043943 0.043943 0.043943 0.043943 0.043943
0.108992 0.108992 0.108992 0.061309 0.061308 0.061308 0.061308 0.061308 0.061308 0.054496 0.054496 0.039237 0.039237 0.039237 0.039237 0.039237
0.120012 0.120012 0.067508 0.067507 0.067507 0.067507 0.067507 0.060006 0.060006 0.043205 0.043205 0.043205 0.043204 0.043204 0.043204 0.043204
0.108254 0.108254 0.108254 0.060894 0.060893 0.060893 0.060893 0.060893 0.060893 0.060892 0.054127 0.038972 0.038972 0.038972 0.038972 0.038972
0.108992 0.108992 0.108992 0.061308 0.061308 0.061308 0.061308 0.061308 0.061307 0.054496 0.054496 0.039237 0.039237 0.039237 0.039237 0.039237
0.118238 0.118238 0.066510 0.066509 0.066509 0.066509 0.066509 0.066509 0.066509 0.042566 0.042566 0.042566 0.042566 0.042566 0.042566 0.042566
0.125668 0.070688 0.070688 0.070688 0.070688 0.070688 0.070688 0.070687 0.062834 0.045240 0.045240 0.045240 0.045240 0.045240 0.045240 0.045240
0.122063 0.122063 0.068660 0.068660 0.068660 0.068660 0.068660 0.061031 0.043943 0.043943 0.043943 0.043943 0.043943 0.043943 0.043943 0.043943
0.121139 0.121139 0.068141 0.068141 0.068141 0.068141 0.068141 0.068140 0.043610 0.043610 0.043610 0.043610 0.043610 0.043610 0.043610 0.043610
0.119119 0.119119 0.067004 0.067004 0.067004 0.067004 0.067004 0.067004 0.059559 0.042883 0.042883 0.042883 0.042883 0.042883 0.042883 0.042883
0.111451 0.111451 0.111451 0.062693 0.062691 0.062691 0.062691 0.062691 0.055726 0.055726 0.040123 0.040123 0.040123 0.040123 0.040123 0.040123
0.121139 0.121139 0.068141 0.068141 0.068141 0.068141 0.068141 0.068140 0.043610 0.043610 0.043610 0.043610 0.043610 0.043610 0.043610 0.043610
0.126663 0.071248 0.071248 0.071248 0.071248 0.071248 0.071247 0.063331 0.063331 0.045599 0.045599 0.045599 0.045599 0.045599 0.045599 0.045599
0.119118 0.119118 0.067005 0.067004 0.067004 0.067004 0.067004 0.067004 0.059559 0.042883 0.042883 0.042883 0.042883 0.042883 0.042883 0.042883
0.126402 0.126402 0.071101 0.071101 0.071101 0.071101 0.063201 0.045505 0.045505 0.045505 0.045505 0.045505 0.045505 0.045505 0.045505 0.035551
0.130293 0.130293 0.073291 0.073290 0.073290 0.073290 0.065146 0.046906 0.046906 0.046905 0.046905 0.046905 0.036645 0.036645 0.036645 0.036645
0.122063 0.122063 0.068662 0.068660 0.068660 0.068660 0.068660 0.061031 0.043943 0.043943 0.043943 0.043943 0.043943 0.043943 0.043943 0.043942
0.154500 0.086906 0.086905 0.077250 0.055620 0.055620 0.055620 0.055620 0.055620 0.055620 0.043453 0.043453 0.043453 0.043453 0.043453 0.043453
0.133511 0.133511 0.075100 0.075100 0.075100 0.048064 0.048064 0.048064 0.048064 0.048064 0.048064 0.048064 0.048064 0.048064 0.037550 0.037550
0.113218 0.113218 0.113218 0.063686 0.063685 0.063685 0.063685 0.063684 0.056609 0.040759 0.040759 0.040759 0.040758 0.040758 0.040758 0.040758
0.123001 0.123001 0.069188 0.069188 0.069188 0.069188 0.061501 0.061501 0.044281 0.044281 0.044281 0.044280 0.044280 0.044280 0.044280 0.044280
0.116720 0.116720 0.116720 0.065655 0.065655 0.065655 0.058360 0.058360 0.042020 0.042020 0.042020 0.042019 0.042019 0.042019 0.042019 0.042019
0.116720 0.116720 0.116720 0.065655 0.065655 0.065655 0.058360 0.058360 0.042020 0.042020 0.042019 0.042019 0.042019 0.042019 0.042019 0.042019
0.118659 0.118659 0.118659 0.066746 0.066746 0.066745 0.059330 0.042718 0.042718 0.042718 0.042717 0.042717 0.042717 0.042717 0.042717 0.042717
0.115875 0.115875 0.115875 0.065180 0.065180 0.065180 0.065180 0.057937 0.041715 0.041715 0.041715 0.041715 0.041715 0.041715 0.041715 0.041715
0.114025 0.114025 0.114025 0.064139 0.064139 0.064139 0.064139 0.057012 0.057012 0.041050 0.041050 0.041050 0.041049 0.041049 0.041049 0.041049
0.113218 0.113218 0.113218 0.063685 0.063685 0.063685 0.063685 0.063685 0.056609 0.040759 0.040759 0.040759 0.040759 0.040759 0.040759 0.040759
0.128969 0.128969 0.072547 0.072545 0.072545 0.072545 0.064485 0.046430 0.046430 0.046429 0.046429 0.046429 0.046429 0.036273 0.036273 0.036273
0.119118 0.119118 0.067005 0.067004 0.067004 0.067004 0.067004 0.067003 0.059559 0.042883 0.042883 0.042883 0.042883 0.042883 0.042883 0.042882
0.128970 0.128970 0.072546 0.072546 0.072546 0.072545 0.064485 0.046429 0.046429 0.046429 0.046429 0.046429 0.046429 0.036273 0.036273 0.036273
0.122063 0.122063 0.068662 0.068660 0.068660 0.068660 0.068660 0.061031 0.043943 0.043943 0.043943 0.043943 0.043943 0.043943 0.043943 0.043943
0.123001 0.123001 0.069189 0.069188 0.069188 0.069188 0.061500 0.061500 0.044281 0.044281 0.044280 0.044280 0.044280 0.044280 0.044280 0.044280
0.116720 0.116720 0.116720 0.065655 0.065655 0.065655 0.058360 0.058360 0.042020 0.042020 0.042020 0.042019 0.042019 0.042019 0.042019 0.042019
0.111451 0.111451 0.111451 0.062693 0.062691 0.062691 0.062691 0.062691 0.055726 0.055726 0.040123 0.040123 0.040123 0.040123 0.040123 0.040123
0.116720 0.116720 0.116720 0.065655 0.065655 0.065654 0.058360 0.058360 0.042020 0.042020 0.042020 0.042019 0.042019 0.042019 0.042019 0.042019
0.123001 0.123001 0.069189 0.069188 0.069188 0.069187 0.061500 0.061500 0.044281 0.044281 0.044281 0.044280 0.044280 0.044280 0.044280 0.044280
0.116720 0.116720 0.116720 0.065656 0.065655 0.065654 0.058360 0.058360 0.042020 0.042020 0.042019 0.042019 0.042019 0.042019 0.042019 0.042019
0.117164 0.117164 0.065906 0.065905 0.065905 0.065905 0.065905 0.065904 0.058582 0.058582 0.042180 0.042180 0.042180 0.042179 0.042179 0.042179
0.122063 0.122063 0.068660 0.068660 0.068660 0.068660 0.068660 0.061031 0.043943 0.043943 0.043943 0.043943 0.043943 0.043943 0.043943 0.043943
0.127673 0.127673 0.071817 0.071816 0.071816 0.071816 0.063836 0.045963 0.045963 0.045962 0.045962 0.045962 0.045962 0.045962 0.035908 0.035908
0.132407 0.074479 0.074479 0.074479 0.074479 0.074478 0.066203 0.047666 0.047666 0.047666 0.047666 0.047666 0.047666 0.047666 0.047666 0.047666
0.127673 0.127673 0.071816 0.071816 0.071816 0.071816 0.063837 0.045962 0.045962 0.045962 0.045962 0.045962 0.045962 0.045962 0.035908 0.035908
0.128949 0.072535 0.072534 0.072534 0.072534 0.072534 0.072533 0.064474 0.046422 0.046422 0.046422 0.046422 0.046422 0.046422 0.046422 0.046422
0.117164 0.117164 0.065906 0.065905 0.065905 0.065905 0.065905 0.065904 0.058582 0.058582 0.042180 0.042180 0.042180 0.042179 0.042179 0.042179
0.111451 0.111451 0.111451 0.062693 0.062691 0.062691 0.062691 0.062691 0.055726 0.055726 0.040123 0.040123 0.040123 0.040123 0.040123 0.040123
0.115875 0.115875 0.115875 0.065181 0.065179 0.065179 0.065179 0.057937 0.041715 0.041715 0.041715 0.041715 0.041715 0.041715 0.041715 0.041715
0.119546 0.119546 0.119546 0.067244 0.067244 0.059773 0.059773 0.043036 0.043036 0.043036 0.043036 0.043036 0.043036 0.043036 0.043036 0.043036
0.125157 0.125157 0.070401 0.070401 0.070401 0.070400 0.062578 0.045056 0.045056 0.045056 0.045056 0.045056 0.045056 0.045056 0.045056 0.045056
0.114025 0.114025 0.114025 0.064140 0.064139 0.064139 0.064138 0.057012 0.057012 0.041050 0.041049 0.041049 0.041049 0.041049 0.041049 0.041049
0.119546 0.119546 0.119546 0.067244 0.067244 0.059773 0.059773 0.043037 0.043037 0.043036 0.043036 0.043036 0.043036 0.043036 0.043036 0.043036
0.128410 0.128410 0.072232 0.072231 0.072231 0.064205 0.046228 0.046228 0.046228 0.046228 0.046228 0.046228 0.046228 0.046228 0.046228 0.046228
0.114025 0.114025 0.114025 0.064140 0.064139 0.064139 0.064138 0.057012 0.057012 0.041049 0.041049 0.041049 0.041049 0.041049 0.041049 0.041049
0.123001 0.123001 0.069188 0.069188 0.069188 0.069187 0.061501 0.061501 0.044281 0.044281 0.044281 0.044280 0.044280 0.044280 0.044280 0.044280
0.125157 0.125157 0.070401 0.070401 0.070401 0.070400 0.062578 0.045056 0.045056 0.045056 0.045056 0.045056 0.045056 0.045056 0.045056 0.045056
0.133801 0.075265 0.075263 0.075263 0.075263 0.075263 0.066901 0.048169 0.048169 0.048169 0.048169 0.048169 0.048169 0.048169 0.048168 0.037632
0.124456 0.124456 0.070006 0.070006 0.070006 0.070006 0.070006 0.062228 0.044804 0.044804 0.044804 0.044804 0.044804 0.044804 0.035003 0.035003
0.079058 0.079058 0.079058 0.079058 0.079058 0.079058 0.070274 0.050597 0.050597 0.050597 0.050597 0.050597 0.050597 0.050597 0.050597 0.050597
0.119118 0.119118 0.067005 0.067004 0.067004 0.067004 0.067004 0.067003 0.059559 0.042883 0.042883 0.042883 0.042883 0.042883 0.042883 0.042883
0.116313 0.116313 0.065427 0.065426 0.065426 0.065426 0.065426 0.065426 0.065425 0.058156 0.041873 0.041873 0.041873 0.041873 0.041873 0.041873
0.119119 0.119119 0.067004 0.067004 0.067004 0.067004 0.067004 0.067004 0.059559 0.042883 0.042883 0.042883 0.042883 0.042883 0.042883 0.042883
0.117165 0.117165 0.065905 0.065905 0.065905 0.065905 0.065905 0.065904 0.058582 0.058582 0.042179 0.042179 0.042179 0.042179 0.042179 0.042179
0.113218 0.113218 0.113218 0.063686 0.063685 0.063685 0.063685 0.063685 0.056609 0.040759 0.040759 0.040759 0.040758 0.040758 0.040758 0.040758
0.114025 0.114025 0.114025 0.064140 0.064139 0.064139 0.064139 0.057012 0.057012 0.041049 0.041049 0.041049 0.041049 0.041049 0.041049 0.041049
0.113218 0.113218 0.113218 0.063685 0.063685 0.063685 0.063685 0.063685 0.056609 0.040759 0.040759 0.040759 0.040759 0.040759 0.040759 0.040759
0.076872 0.076870 0.076870 0.076870 0.076870 0.076870 0.076870 0.068329 0.049198 0.049198 0.049197 0.049197 0.049197 0.049197 0.049197 0.049197
0.119118 0.119118 0.067005 0.067004 0.067004 0.067004 0.067004 0.067003 0.059559 0.042883 0.042883 0.042883 0.042883 0.042883 0.042883 0.042883
0.124185 0.124185 0.069854 0.069854 0.069854 0.069854 0.069853 0.044707 0.044707 0.044707 0.044707 0.044707 0.044707 0.044707 0.044707 0.044707
0.113218 0.113218 0.113218 0.063685 0.063685 0.063685 0.063685 0.063685 0.056609 0.040759 0.040759 0.040759 0.040759 0.040759 0.040759 0.040759
0.128949 0.072535 0.072534 0.072534 0.072534 0.072534 0.072533 0.064474 0.046422 0.046422 0.046422 0.046422 0.046422 0.046422 0.046422 0.046422
0.124185 0.124185 0.069855 0.069854 0.069854 0.069854 0.069853 0.044707 0.044707 0.044707 0.044707 0.044707 0.044707 0.044707 0.044707 0.044707
0.108992 0.108992 0.108992 0.061309 0.061308 0.061308 0.061308 0.061308 0.061307 0.054496 0.054496 0.039238 0.039238 0.039237 0.039237 0.039237
0.126402 0.126402 0.071101 0.071101 0.071101 0.071101 0.063201 0.045505 0.045505 0.045505 0.045505 0.045505 0.045505 0.045505 0.045505 0.035551
0.114449 0.114449 0.064379 0.064378 0.064378 0.064378 0.064378 0.064378 0.064377 0.057225 0.057225 0.041202 0.041202 0.041202 0.041202 0.041202
0.120012 0.120012 0.067507 0.067507 0.067507 0.067507 0.067506 0.060006 0.060006 0.043204 0.043204 0.043204 0.043204 0.043204 0.043204 0.043204
0.111451 0.111451 0.111451 0.062693 0.062691 0.062691 0.062691 0.062691 0.055726 0.055726 0.040123 0.040123 0.040123 0.040123 0.040123 0.040123
0.117165 0.117165 0.065905 0.065905 0.065905 0.065905 0.065905 0.065904 0.058582 0.058582 0.042179 0.042179 0.042179 0.042179 0.042179 0.042179
0.127388 0.127388 0.071656 0.071656 0.071656 0.071656 0.045860 0.045860 0.045860 0.045860 0.045860 0.045860 0.045860 0.045860 0.045860 0.045860
0.127389 0.127389 0.071656 0.071656 0.071656 0.071655 0.045860 0.045860 0.045860 0.045860 0.045860 0.045860 0.045860 0.045860 0.045860 0.045860
0.128949 0.072534 0.072534 0.072534 0.072534 0.072534 0.072533 0.064475 0.046422 0.046422 0.046422 0.046422 0.046422 0.046422 0.046422 0.046422
0.132407 0.074479 0.074479 0.074479 0.074479 0.074478 0.066203 0.047666 0.047666 0.047666 0.047666 0.047666 0.047666 0.047666 0.047666 0.047666
0.140572 0.079074 0.079072 0.079072 0.079071 0.070286 0.050607 0.050607 0.050606 0.050606 0.050606 0.050606 0.050606 0.039536 0.039536 0.039536
0.125156 0.125156 0.070402 0.070400 0.070400 0.070400 0.062578 0.045057 0.045057 0.045056 0.045056 0.045056 0.045056 0.045056 0.045056 0.045056
0.125156 0.125156 0.070402 0.070400 0.070400 0.070400 0.062578 0.045057 0.045057 0.045056 0.045056 0.045056 0.045056 0.045056 0.045056 0.045056
0.125157 0.125157 0.070401 0.070401 0.070401 0.070400 0.062578 0.045056 0.045056 0.045056 0.045056 0.045056 0.045056 0.045056 0.045056 0.045056
0.137221 0.137221 0.077187 0.077187 0.049400 0.049400 0.049400 0.049400 0.049400 0.049400 0.049400 0.049400 0.049399 0.049399 0.038594 0.038594
0.131839 0.131839 0.074161 0.074159 0.065920 0.047463 0.047463 0.047462 0.047462 0.047462 0.047462 0.047462 0.047462 0.047462 0.047462 0.047462
0.113218 0.113218 0.113218 0.063686 0.063685 0.063685 0.063685 0.063684 0.056609 0.040759 0.040759 0.040759 0.040758 0.040758 0.040758 0.040758
0.114025 0.114025 0.114025 0.064139 0.064139 0.064139 0.064139 0.057013 0.057013 0.041049 0.041049 0.041049 0.041049 0.041049 0.041049 0.041049
0.111452 0.111452 0.111452 0.062693 0.062691 0.062691 0.062691 0.062691 0.055726 0.055726 0.040123 0.040123 0.040123 0.040123 0.040123 0.040123
0.113218 0.113218 0.113218 0.063686 0.063685 0.063685 0.063685 0.063684 0.056609 0.040759 0.040759 0.040758 0.040758 0.040758 0.040758 0.040758
0.114025 0.114025 0.114025 0.064139 0.064139 0.064139 0.064138 0.057013 0.057013 0.041049 0.041049 0.041049 0.041049 0.041049 0.041049 0.041049
0.122063 0.122063 0.068660 0.068660 0.068660 0.068660 0.068660 0.061031 0.043943 0.043943 0.043943 0.043943 0.043943 0.043943 0.043943 0.043943
0.083058 0.083056 0.083056 0.083056 0.083056 0.053157 0.053157 0.053157 0.053156 0.053156 0.053156 0.053156 0.053156 0.053156 0.053156 0.053156
0.114025 0.114025 0.114025 0.064139 0.064139 0.064139 0.064138 0.057013 0.057013 0.041049 0.041049 0.041049 0.041049 0.041049 0.041049 0.041049
0.118659 0.118659 0.118659 0.066746 0.066746 0.066746 0.059330 0.042717 0.042717 0.042717 0.042717 0.042717 0.042717 0.042717 0.042717 0.042717
0.129996 0.073124 0.073123 0.073123 0.073123 0.073122 0.064998 0.064998 0.046799 0.046799 0.046799 0.046799 0.046799 0.046799 0.046799 0.046799
0.110284 0.110284 0.110284 0.110284 0.062035 0.062035 0.062034 0.055142 0.039702 0.039702 0.039702 0.039702 0.039702 0.039702 0.039702 0.039702
0.113026 0.113026 0.113026 0.063577 0.063577 0.063577 0.056513 0.056513 0.056513 0.056513 0.040689 0.040689 0.040689 0.040689 0.040689 0.040689
0.110497 0.110497 0.110497 0.062156 0.062155 0.062155 0.062154 0.055249 0.055249 0.055249 0.055249 0.039779 0.039779 0.039779 0.039779 0.039779
0.112234 0.112234 0.112234 0.063131 0.063131 0.063131 0.063131 0.056117 0.056117 0.056117 0.040404 0.040404 0.040404 0.040404 0.040404 0.040404
0.113026 0.113026 0.113026 0.063577 0.063577 0.063577 0.056513 0.056513 0.056513 0.056513 0.040689 0.040689 0.040689 0.040689 0.040689 0.040689
0.120012 0.120012 0.067508 0.067507 0.067507 0.067507 0.067506 0.060006 0.060006 0.043205 0.043205 0.043205 0.043204 0.043204 0.043204 0.043204
0.108079 0.108079 0.108079 0.060794 0.060794 0.060794 0.060794 0.060794 0.054039 0.054039 0.054039 0.054039 0.038908 0.038908 0.038908 0.038908
0.123001 0.123001 0.069188 0.069188 0.069188 0.069188 0.061501 0.061501 0.044281 0.044281 0.044280 0.044280 0.044280 0.044280 0.044280 0.044280
0.136054 0.076532 0.076530 0.076530 0.076530 0.068027 0.048980 0.048980 0.048980 0.048979 0.048979 0.048979 0.048979 0.048979 0.048979 0.048979
0.123001 0.123001 0.069189 0.069188 0.069188 0.069187 0.061500 0.061500 0.044281 0.044281 0.044281 0.044280 0.044280 0.044280 0.044280 0.044280
0.129450 0.129450 0.072815 0.072815 0.064725 0.064725 0.046603 0.046603 0.046602 0.046602 0.046602 0.046602 0.046602 0.046602 0.046602 0.046602
0.118659 0.118659 0.118659 0.066747 0.066746 0.066745 0.059329 0.042718 0.042718 0.042718 0.042717 0.042717 0.042717 0.042717 0.042717 0.042717
0.125667 0.070689 0.070688 0.070688 0.070688 0.070688 0.070688 0.070687 0.062834 0.045241 0.045241 0.045240 0.045240 0.045240 0.045240 0.045240
0.110680 0.110680 0.110680 0.062259 0.062258 0.062258 0.062258 0.062258 0.062257 0.055340 0.039845 0.039845 0.039845 0.039845 0.039845 0.039845
0.102538 0.102538 0.102538 0.102538 0.057678 0.057678 0.057678 0.057678 0.057677 0.051269 0.051269 0.051269 0.036914 0.036914 0.036914 0.036914
0.133511 0.075100 0.075100 0.075100 0.075100 0.066756 0.066756 0.048064 0.048064 0.048064 0.048064 0.048064 0.048064 0.048064 0.048064 0.048064
0.126143 0.126143 0.070956 0.070956 0.070956 0.063072 0.063072 0.045412 0.045412 0.045412 0.045412 0.045412 0.045412 0.045412 0.045412 0.045412
0.116720 0.116720 0.116720 0.065655 0.065655 0.065654 0.058360 0.058360 0.042019 0.042019 0.042019 0.042019 0.042019 0.042019 0.042019 0.042019
0.120919 0.120919 0.068017 0.068017 0.068017 0.068017 0.060459 0.060459 0.060459 0.043531 0.043531 0.043531 0.043531 0.043531 0.043531 0.043531
0.111452 0.111452 0.111452 0.062692 0.062692 0.062692 0.062692 0.062692 0.055726 0.055726 0.040123 0.040123 0.040123 0.040123 0.040123 0.040123
0.114449 0.114449 0.064379 0.064377 0.064377 0.064377 0.064377 0.064377 0.064377 0.057224 0.057224 0.041202 0.041202 0.041202 0.041202 0.041202
0.120012 0.120012 0.067508 0.067507 0.067507 0.067507 0.067506 0.060006 0.060006 0.043205 0.043205 0.043204 0.043204 0.043204 0.043204 0.043204
0.110681 0.110681 0.110681 0.062258 0.062258 0.062258 0.062258 0.062258 0.062257 0.055340 0.039845 0.039845 0.039845 0.039845 0.039845 0.039845
0.126662 0.071249 0.071247 0.071247 0.071247 0.071247 0.071247 0.063331 0.063331 0.045599 0.045599 0.045599 0.045598 0.045598 0.045598 0.045598
0.114449 0.114449 0.064378 0.064378 0.064378 0.064378 0.064378 0.064378 0.064377 0.057225 0.057225 0.041202 0.041202 0.041202 0.041202 0.041202
0.110497 0.110497 0.110497 0.062155 0.062155 0.062155 0.062155 0.055249 0.055249 0.055249 0.055249 0.039779 0.039779 0.039779 0.039779 0.039779
0.112234 0.112234 0.112234 0.063131 0.063131 0.063131 0.063131 0.056117 0.056117 0.056117 0.040404 0.040404 0.040404 0.040404 0.040404 0.040404
0.113443 0.113443 0.063812 0.063812 0.063812 0.063812 0.063812 0.063811 0.056722 0.056722 0.056722 0.056722 0.040840 0.040840 0.040840 0.040840
0.126143 0.126143 0.070956 0.070956 0.070955 0.063072 0.063072 0.045412 0.045412 0.045412 0.045412 0.045412 0.045412 0.045412 0.045412 0.045412
0.103547 0.103547 0.103547 0.058245 0.058245 0.058245 0.058245 0.058245 0.058245 0.058244 0.051773 0.051773 0.051773 0.051773 0.037277 0.037277
0.114025 0.114025 0.114025 0.064140 0.064139 0.064139 0.064138 0.057012 0.057012 0.041049 0.041049 0.041049 0.041049 0.041049 0.041049 0.041049
0.110680 0.110680 0.110680 0.062259 0.062258 0.062258 0.062258 0.062258 0.062258 0.055340 0.039845 0.039845 0.039845 0.039845 0.039845 0.039845
0.126143 0.126143 0.070955 0.070955 0.070955 0.063071 0.063071 0.045412 0.045412 0.045412 0.045411 0.045411 0.045411 0.045411 0.045411 0.045411
0.120012 0.120012 0.067508 0.067507 0.067507 0.067507 0.067506 0.060006 0.060006 0.043205 0.043205 0.043205 0.043204 0.043204 0.043204 0.043204
0.118238 0.118238 0.066510 0.066509 0.066509 0.066509 0.066509 0.066509 0.066508 0.042566 0.042566 0.042566 0.042566 0.042566 0.042566 0.042566
0.114025 0.114025 0.114025 0.064139 0.064139 0.064139 0.064138 0.057013 0.057013 0.041050 0.041050 0.041049 0.041049 0.041049 0.041049 0.041049
0.110680 0.110680 0.110680 0.062259 0.062258 0.062258 0.062258 0.062258 0.062257 0.055340 0.039845 0.039845 0.039845 0.039845 0.039845 0.039845
0.124185 0.124185 0.069855 0.069854 0.069854 0.069854 0.069853 0.044707 0.044707 0.044707 0.044707 0.044707 0.044707 0.044707 0.044707 0.044707
0.103199 0.103199 0.103199 0.103199 0.058050 0.058050 0.058050 0.058049 0.051600 0.051600 0.051600 0.051600 0.037152 0.037152 0.037152 0.037152
0.119118 0.119118 0.067005 0.067004 0.067004 0.067004 0.067004 0.067003 0.059559 0.042883 0.042883 0.042883 0.042883 0.042883 0.042883 0.042883
0.127673 0.071817 0.071816 0.071816 0.071816 0.071815 0.063836 0.063836 0.063836 0.045963 0.045963 0.045963 0.045963 0.045962 0.045962 0.045962
0.110497 0.110497 0.110497 0.062155 0.062155 0.062155 0.062154 0.055249 0.055249 0.055249 0.055249 0.039779 0.039779 0.039779 0.039779 0.039779
0.104031 0.104031 0.104031 0.104031 0.058517 0.058517 0.058517 0.058517 0.058517 0.052016 0.052016 0.037452 0.037452 0.037452 0.037452 0.037451
0.107700 0.107700 0.107700 0.107700 0.060581 0.060581 0.053850 0.053850 0.053850 0.053850 0.038773 0.038773 0.038773 0.038773 0.038772 0.038772
0.101087 0.101087 0.101087 0.101087 0.056862 0.056861 0.056861 0.056861 0.056861 0.050543 0.050543 0.050543 0.050543 0.036392 0.036392 0.036391
0.102538 0.102538 0.102538 0.102538 0.057678 0.057678 0.057678 0.057678 0.057677 0.051269 0.051269 0.051269 0.036914 0.036914 0.036914 0.036914
0.104031 0.104031 0.104031 0.104031 0.058519 0.058517 0.058517 0.058517 0.058517 0.052015 0.052015 0.037452 0.037452 0.037452 0.037451 0.037451
0.120012 0.120012 0.067508 0.067507 0.067507 0.067507 0.067507 0.060006 0.060006 0.043205 0.043204 0.043204 0.043204 0.043204 0.043204 0.043204
0.120012 0.120012 0.067507 0.067507 0.067507 0.067507 0.067506 0.060006 0.060006 0.043204 0.043204 0.043204 0.043204 0.043204 0.043204 0.043204
0.114025 0.114025 0.114025 0.064140 0.064139 0.064139 0.064139 0.057012 0.057012 0.041049 0.041049 0.041049 0.041049 0.041049 0.041049 0.041049
0.120919 0.120919 0.068017 0.068017 0.068017 0.068016 0.060459 0.060459 0.060459 0.043531 0.043531 0.043531 0.043531 0.043531 0.043531 0.043531
0.113026 0.113026 0.113026 0.063578 0.063577 0.063577 0.056513 0.056513 0.056513 0.056513 0.040690 0.040690 0.040690 0.040689 0.040689 0.040689
0.116720 0.116720 0.116720 0.065656 0.065655 0.065655 0.058360 0.058360 0.042020 0.042020 0.042020 0.042019 0.042019 0.042019 0.042019 0.042019
0.128949 0.072535 0.072534 0.072534 0.072534 0.072534 0.072533 0.064474 0.046422 0.046422 0.046422 0.046422 0.046422 0.046422 0.046422 0.046422
0.123001 0.123001 0.069189 0.069188 0.069188 0.069188 0.061500 0.061500 0.044281 0.044281 0.044281 0.044280 0.044280 0.044280 0.044280 0.044280
0.105932 0.105932 0.105932 0.059588 0.059587 0.059587 0.059587 0.059587 0.059587 0.059587 0.059586 0.052966 0.038136 0.038136 0.038136 0.038136
0.107353 0.107353 0.107353 0.060388 0.060386 0.060386 0.060386 0.060386 0.060386 0.053677 0.053677 0.053677 0.038648 0.038648 0.038648 0.038648
0.105764 0.105764 0.105764 0.059493 0.059492 0.059492 0.059492 0.059492 0.059492 0.052882 0.052882 0.052882 0.052882 0.038075 0.038075 0.038075
0.104031 0.104031 0.104031 0.104031 0.058519 0.058517 0.058517 0.058517 0.058517 0.052015 0.052015 0.037452 0.037452 0.037452 0.037451 0.037451
0.099059 0.099059 0.099059 0.099059 0.055722 0.055721 0.055721 0.055721 0.055721 0.055720 0.049529 0.049529 0.049529 0.049529 0.035662 0.035662
0.119546 0.119546 0.119546 0.067244 0.067244 0.059773 0.059773 0.043037 0.043037 0.043037 0.043036 0.043036 0.043036 0.043036 0.043036 0.043036
0.117786 0.117786 0.117785 0.066254 0.066254 0.066254 0.066254 0.042403 0.042403 0.042403 0.042403 0.042403 0.042403 0.042403 0.042403 0.042403
0.114449 0.114449 0.064378 0.064378 0.064378 0.064378 0.064378 0.064378 0.064377 0.057225 0.057225 0.041202 0.041202 0.041202 0.041202 0.041202
0.116720 0.116720 0.116720 0.065656 0.065655 0.065655 0.058360 0.058360 0.042020 0.042020 0.042020 0.042019 0.042019 0.042019 0.042019 0.042019
0.123001 0.123001 0.069189 0.069188 0.069188 0.069188 0.061500 0.061500 0.044281 0.044281 0.044281 0.044280 0.044280 0.044280 0.044280 0.044280
0.111451 0.111451 0.111451 0.062693 0.062691 0.062691 0.062691 0.062691 0.055726 0.055726 0.040123 0.040123 0.040123 0.040122 0.040122 0.040122
0.108992 0.108992 0.108992 0.061309 0.061308 0.061308 0.061308 0.061308 0.061308 0.054496 0.054496 0.039237 0.039237 0.039237 0.039237 0.039237
0.125156 0.125156 0.070401 0.070401 0.070400 0.070400 0.062578 0.045056 0.045056 0.045056 0.045056 0.045056 0.045056 0.045056 0.045056 0.045056
0.115875 0.115875 0.115875 0.065180 0.065180 0.065180 0.065179 0.057937 0.041715 0.041715 0.041715 0.041715 0.041715 0.041715 0.041715 0.041715
0.107353 0.107353 0.107353 0.060388 0.060386 0.060386 0.060386 0.060386 0.060386 0.053677 0.053677 0.053677 0.038648 0.038648 0.038648 0.038648
0.115875 0.115875 0.115875 0.065180 0.065180 0.065180 0.065179 0.057937 0.041715 0.041715 0.041715 0.041715 0.041715 0.041715 0.041715 0.041715
0.118029 0.118029 0.066391 0.066391 0.066391 0.066391 0.066391 0.059015 0.059015 0.059014 0.042490 0.042490 0.042490 0.042490 0.042490 0.042490
0.106980 0.106980 0.106980 0.106980 0.060176 0.060176 0.060176 0.053490 0.053490 0.053490 0.038513 0.038513 0.038513 0.038513 0.038513 0.038513
0.103199 0.103199 0.103199 0.103199 0.058051 0.058049 0.058049 0.058049 0.051599 0.051599 0.051599 0.051599 0.037152 0.037152 0.037152 0.037152
0.105402 0.105402 0.105402 0.105402 0.059288 0.059288 0.059288 0.052701 0.052701 0.052701 0.052701 0.037945 0.037945 0.037945 0.037945 0.037945
0.112234 0.112234 0.112234 0.063131 0.063131 0.063131 0.063131 0.056117 0.056117 0.056117 0.040404 0.040404 0.040404 0.040404 0.040404 0.040404
0.120012 0.120012 0.067507 0.067507 0.067507 0.067507 0.067506 0.060006 0.060006 0.043204 0.043204 0.043204 0.043204 0.043204 0.043204 0.043204
0.116720 0.116720 0.116720 0.065655 0.065655 0.065655 0.058360 0.058360 0.042020 0.042020 0.042020 0.042019 0.042019 0.042019 0.042019 0.042019
0.114025 0.114025 0.114025 0.064139 0.064139 0.064139 0.064138 0.057012 0.057012 0.041050 0.041050 0.041050 0.041049 0.041049 0.041049 0.041049
0.110681 0.110681 0.110681 0.062258 0.062258 0.062258 0.062258 0.062258 0.062257 0.055340 0.039845 0.039845 0.039845 0.039845 0.039845 0.039845
0.111451 0.111451 0.111451 0.062693 0.062691 0.062691 0.062691 0.062691 0.055726 0.055726 0.040123 0.040123 0.040123 0.040122 0.040122 0.040122
0.117785 0.117785 0.117785 0.066256 0.066254 0.066254 0.066254 0.042403 0.042403 0.042403 0.042403 0.042403 0.042403 0.042403 0.042403 0.042403
0.126143 0.126143 0.070956 0.070956 0.070956 0.063072 0.063072 0.045412 0.045412 0.045412 0.045412 0.045412 0.045412 0.045411 0.045411 0.045411
0.104031 0.104031 0.104031 0.104031 0.058518 0.058518 0.058518 0.058518 0.058517 0.052016 0.052016 0.037451 0.037451 0.037451 0.037451 0.037451
0.108079 0.108079 0.108079 0.060795 0.060794 0.060794 0.060794 0.060794 0.054039 0.054039 0.054039 0.054039 0.038909 0.038909 0.038908 0.038908
0.102538 0.102538 0.102538 0.102538 0.057679 0.057677 0.057677 0.057677 0.057677 0.051269 0.051269 0.051269 0.036914 0.036914 0.036914 0.036914
0.114025 0.114025 0.114025 0.064140 0.064139 0.064139 0.064139 0.057012 0.057012 0.041049 0.041049 0.041049 0.041049 0.041049 0.041049 0.041049
0.110680 0.110680 0.110680 0.062259 0.062258 0.062258 0.062258 0.062258 0.062257 0.055340 0.039845 0.039845 0.039845 0.039845 0.039845 0.039845
0.110497 0.110497 0.110497 0.062156 0.062154 0.062154 0.062154 0.055248 0.055248 0.055248 0.055248 0.039779 0.039779 0.039779 0.039779 0.039779
0.115273 0.115273 0.064843 0.064841 0.064841 0.064841 0.064841 0.064841 0.057637 0.057637 0.057637 0.041499 0.041499 0.041499 0.041499 0.041498
0.112233 0.112233 0.112233 0.063132 0.063131 0.063131 0.063131 0.056117 0.056117 0.056117 0.040404 0.040404 0.040404 0.040404 0.040404 0.040404
0.114025 0.114025 0.114025 0.064139 0.064139 0.064139 0.064139 0.057013 0.057013 0.041049 0.041049 0.041049 0.041049 0.041049 0.041049 0.041049
0.114025 0.114025 0.114025 0.064140 0.064139 0.064139 0.064139 0.057012 0.057012 0.041049 0.041049 0.041049 0.041049 0.041049 0.041049 0.041049
0.114025 0.114025 0.114025 0.064139 0.064139 0.064139 0.064139 0.057013 0.057013 0.041049 0.041049 0.041049 0.041049 0.041049 0.041049 0.041049
0.148436 0.083495 0.083495 0.074218 0.074218 0.053437 0.053437 0.053437 0.053437 0.053437 0.053437 0.053437 0.041748 0.041747 0.039292 0.039292
0.130018 0.130018 0.073135 0.073135 0.073134 0.065009 0.065009 0.046807 0.046807 0.046807 0.046807 0.046806 0.046806 0.036568 0.036567 0.036567
0.138744 0.138744 0.078044 0.069372 0.069372 0.049949 0.049948 0.049948 0.049948 0.049948 0.049948 0.049948 0.039022 0.039022 0.039022 0.039022
0.136078 0.136078 0.076544 0.076543 0.068039 0.048989 0.048989 0.048988 0.048988 0.048988 0.048988 0.048988 0.048988 0.038272 0.038272 0.038272
0.152649 0.085865 0.076325 0.076325 0.054954 0.054954 0.054954 0.054954 0.054954 0.054954 0.054953 0.054953 0.042933 0.042933 0.042932 0.040408
0.140277 0.140277 0.078905 0.070139 0.070139 0.050500 0.050500 0.050500 0.050500 0.050500 0.050499 0.039453 0.039453 0.039453 0.039453 0.039453
0.089697 0.089695 0.089694 0.079729 0.057405 0.057405 0.057405 0.057405 0.057405 0.057405 0.057405 0.057405 0.057404 0.044848 0.044847 0.044847
0.147818 0.147818 0.083148 0.073909 0.053215 0.053215 0.053215 0.053215 0.053214 0.041574 0.041574 0.041574 0.039128 0.039128 0.039128 0.039128
0.114844 0.114844 0.114844 0.064600 0.064600 0.064599 0.057422 0.057422 0.057422 0.041344 0.041344 0.041344 0.041344 0.041344 0.041344 0.041344
0.123954 0.123954 0.069725 0.069724 0.069723 0.061977 0.061977 0.061977 0.044624 0.044624 0.044624 0.044623 0.044623 0.044623 0.044623 0.044623
0.123001 0.123001 0.069189 0.069188 0.069188 0.069187 0.061500 0.061500 0.044281 0.044281 0.044281 0.044280 0.044280 0.044280 0.044280 0.044280
0.106980 0.106980 0.106980 0.106980 0.060178 0.060176 0.060176 0.053490 0.053490 0.053490 0.038513 0.038513 0.038513 0.038513 0.038513 0.038513
0.116720 0.116720 0.116720 0.065655 0.065655 0.065654 0.058360 0.058360 0.042019 0.042019 0.042019 0.042019 0.042019 0.042019 0.042019 0.042019
0.123954 0.123954 0.069725 0.069724 0.069724 0.061977 0.061977 0.061977 0.044624 0.044624 0.044623 0.044623 0.044623 0.044623 0.044623 0.044623
0.109349 0.109349 0.109349 0.109349 0.061509 0.061509 0.054675 0.054675 0.054675 0.039366 0.039366 0.039366 0.039366 0.039366 0.039366 0.039366
0.133511 0.075101 0.075100 0.075100 0.075099 0.066755 0.066755 0.048065 0.048065 0.048065 0.048064 0.048064 0.048064 0.048064 0.048064 0.048064
0.103199 0.103199 0.103199 0.103199 0.058050 0.058050 0.058050 0.058049 0.051600 0.051600 0.051600 0.051600 0.037152 0.037152 0.037152 0.037152
0.123001 0.123001 0.069189 0.069188 0.069188 0.069188 0.061500 0.061500 0.044281 0.044281 0.044280 0.044280 0.044280 0.044280 0.044280 0.044280
0.090345 0.090343 0.080305 0.057820 0.057820 0.057820 0.057820 0.057820 0.057820 0.057820 0.057820 0.057820 0.057819 0.057819 0.057819 0.045172
0.123001 0.123001 0.069189 0.069188 0.069188 0.069187 0.061500 0.061500 0.044281 0.044281 0.044281 0.044280 0.044280 0.044280 0.044280 0.044280
0.124479 0.124479 0.124479 0.070020 0.070020 0.062240 0.062240 0.044813 0.044813 0.044813 0.044813 0.044813 0.035010 0.035010 0.035010 0.032950
0.083830 0.083830 0.083830 0.083829 0.074516 0.053652 0.053651 0.053651 0.053651 0.053651 0.053651 0.053651 0.053651 0.053651 0.053651 0.053651
0.122063 0.122063 0.068660 0.068660 0.068660 0.068660 0.068660 0.061031 0.043943 0.043943 0.043943 0.043943 0.043943 0.043943 0.043943 0.043943
0.137221 0.077187 0.077187 0.077186 0.068611 0.068611 0.049400 0.049400 0.049400 0.049400 0.049400 0.049400 0.049400 0.049400 0.049399 0.049399
0.125156 0.125156 0.070401 0.070401 0.070401 0.070400 0.062578 0.045057 0.045057 0.045056 0.045056 0.045056 0.045056 0.045056 0.045056 0.045056
0.132122 0.132122 0.074319 0.074319 0.074318 0.047564 0.047564 0.047564 0.047564 0.047564 0.047564 0.047564 0.047564 0.047564 0.047564 0.037159
0.109739 0.109739 0.109739 0.061730 0.061728 0.061728 0.061728 0.061728 0.054870 0.054870 0.054870 0.039507 0.039507 0.039507 0.039506 0.039506
0.106980 0.106980 0.106980 0.106980 0.060178 0.060176 0.060176 0.053490 0.053490 0.053490 0.038513 0.038513 0.038513 0.038513 0.038513 0.038513
0.123001 0.123001 0.069188 0.069188 0.069188 0.069188 0.061501 0.061501 0.044280 0.044280 0.044280 0.044280 0.044280 0.044280 0.044280 0.044280
0.129450 0.129450 0.072816 0.072816 0.064725 0.064725 0.046602 0.046602 0.046602 0.046602 0.046602 0.046602 0.046602 0.046602 0.046602 0.046602
0.099059 0.099059 0.099059 0.099059 0.055722 0.055721 0.055721 0.055721 0.055721 0.055720 0.049529 0.049529 0.049529 0.049529 0.035662 0.035662
0.111451 0.111451 0.111451 0.062693 0.062691 0.062691 0.062691 0.062691 0.055726 0.055726 0.040123 0.040123 0.040123 0.040122 0.040122 0.040122
0.117164 0.117164 0.065906 0.065905 0.065905 0.065905 0.065905 0.065904 0.058582 0.058582 0.042180 0.042180 0.042179 0.042179 0.042179 0.042179
0.125157 0.125157 0.070401 0.070401 0.070401 0.070400 0.062578 0.045056 0.045056 0.045056 0.045056 0.045056 0.045056 0.045056 0.045056 0.045056
0.126662 0.071249 0.071247 0.071247 0.071247 0.071247 0.071247 0.063331 0.063331 0.045599 0.045599 0.045598 0.045598 0.045598 0.045598 0.045598
0.126662 0.071249 0.071247 0.071247 0.071247 0.071247 0.071247 0.063331 0.063331 0.045599 0.045599 0.045598 0.045598 0.045598 0.045598 0.045598
0.123001 0.123001 0.069188 0.069188 0.069188 0.069188 0.061501 0.061501 0.044280 0.044280 0.044280 0.044280 0.044280 0.044280 0.044280 0.044280
0.110680 0.110680 0.110680 0.062259 0.062258 0.062258 0.062258 0.062258 0.062257 0.055340 0.039846 0.039846 0.039845 0.039845 0.039845 0.039845
0.114025 0.114025 0.114025 0.064139 0.064139 0.064139 0.064138 0.057013 0.057013 0.041049 0.041049 0.041049 0.041049 0.041049 0.041049 0.041049
0.107353 0.107353 0.107353 0.060388 0.060386 0.060386 0.060386 0.060386 0.060386 0.053677 0.053677 0.053677 0.038648 0.038648 0.038648 0.038648
0.100452 0.100452 0.100452 0.100452 0.056505 0.056504 0.056504 0.056504 0.056504 0.056504 0.050226 0.050226 0.050226 0.036163 0.036163 0.036163
0.113026 0.113026 0.113026 0.063577 0.063577 0.063577 0.056513 0.056513 0.056513 0.056513 0.040690 0.040690 0.040689 0.040689 0.040689 0.040689
0.110497 0.110497 0.110497 0.062155 0.062155 0.062155 0.062154 0.055249 0.055249 0.055249 0.055249 0.039779 0.039779 0.039779 0.039779 0.039779
0.108992 0.108992 0.108992 0.061308 0.061308 0.061308 0.061308 0.061308 0.061307 0.054496 0.054496 0.039237 0.039237 0.039237 0.039237 0.039237
0.120012 0.120012 0.067507 0.067507 0.067507 0.067507 0.067506 0.060006 0.060006 0.043204 0.043204 0.043204 0.043204 0.043204 0.043204 0.043204
0.134907 0.075887 0.075885 0.075885 0.075885 0.075884 0.048567 0.048567 0.048567 0.048567 0.048567 0.048567 0.048567 0.048567 0.048566 0.048566
0.112234 0.112234 0.112234 0.063131 0.063131 0.063131 0.063131 0.056117 0.056117 0.056117 0.040404 0.040404 0.040404 0.040404 0.040404 0.040404
0.111451 0.111451 0.111451 0.062691 0.062691 0.062691 0.062691 0.062691 0.055726 0.055726 0.040123 0.040123 0.040123 0.040123 0.040123 0.040123
0.127673 0.071817 0.071816 0.071816 0.071816 0.071815 0.063836 0.063836 0.063836 0.045963 0.045963 0.045963 0.045963 0.045962 0.045962 0.045962
0.114025 0.114025 0.114025 0.064140 0.064139 0.064139 0.064138 0.057012 0.057012 0.041049 0.041049 0.041049 0.041049 0.041049 0.041049 0.041049
0.106980 0.106980 0.106980 0.106980 0.060176 0.060176 0.060176 0.053490 0.053490 0.053490 0.038513 0.038513 0.038513 0.038513 0.038513 0.038513
0.107700 0.107700 0.107700 0.107700 0.060583 0.060581 0.053850 0.053850 0.053850 0.053850 0.038773 0.038773 0.038773 0.038773 0.038772 0.038772
0.106980 0.106980 0.106980 0.106980 0.060178 0.060176 0.060176 0.053490 0.053490 0.053490 0.038513 0.038513 0.038513 0.038513 0.038513 0.038513
0.108607 0.108607 0.108607 0.108607 0.061092 0.061092 0.061091 0.054304 0.054304 0.039099 0.039099 0.039099 0.039099 0.039099 0.039099 0.039099
0.111452 0.111452 0.111452 0.062692 0.062692 0.062692 0.062692 0.062691 0.055726 0.055726 0.040123 0.040123 0.040123 0.040123 0.040123 0.040123
0.123001 0.123001 0.069188 0.069188 0.069188 0.069188 0.061501 0.061501 0.044280 0.044280 0.044280 0.044280 0.044280 0.044280 0.044280 0.044280
0.133534 0.133534 0.075113 0.075112 0.066767 0.066767 0.048072 0.048072 0.048072 0.048072 0.048072 0.048072 0.048072 0.037556 0.037556 0.037556
0.114843 0.114843 0.114843 0.064601 0.064599 0.064599 0.057422 0.057422 0.057422 0.041344 0.041344 0.041344 0.041344 0.041344 0.041344 0.041344
0.106980 0.106980 0.106980 0.106980 0.060178 0.060176 0.060176 0.053490 0.053490 0.053490 0.038513 0.038513 0.038513 0.038513 0.038513 0.038513
0.131839 0.131839 0.074161 0.074159 0.065919 0.047463 0.047463 0.047463 0.047463 0.047462 0.047462 0.047462 0.047462 0.047462 0.047462 0.047462
0.103199 0.103199 0.103199 0.103199 0.058050 0.058050 0.058050 0.058049 0.051600 0.051600 0.051600 0.051600 0.037152 0.037152 0.037152 0.037152
0.132406 0.074480 0.074478 0.074478 0.074478 0.074478 0.066203 0.047667 0.047667 0.047667 0.047666 0.047666 0.047666 0.047666 0.047666 0.047666
0.111452 0.111452 0.111452 0.062692 0.062692 0.062692 0.062692 0.062691 0.055726 0.055726 0.040123 0.040123 0.040123 0.040123 0.040123 0.040123
0.129997 0.073123 0.073123 0.073123 0.073123 0.073122 0.064998 0.064998 0.046799 0.046799 0.046799 0.046799 0.046799 0.046799 0.046799 0.046799
0.105568 0.105568 0.105568 0.105568 0.059383 0.059382 0.059382 0.059382 0.059382 0.052784 0.038005 0.038005 0.038005 0.038005 0.038005 0.038005
0.102538 0.102538 0.102538 0.102538 0.057678 0.057678 0.057678 0.057678 0.057678 0.051269 0.051269 0.051269 0.036914 0.036914 0.036914 0.036914
0.114025 0.114025 0.114025 0.064139 0.064139 0.064139 0.064138 0.057013 0.057013 0.041049 0.041049 0.041049 0.041049 0.041049 0.041049 0.041049
0.104031 0.104031 0.104031 0.104031 0.058519 0.058517 0.058517 0.058517 0.058517 0.052015 0.052015 0.037452 0.037452 0.037452 0.037452 0.037451
0.104712 0.104712 0.104712 0.104712 0.058902 0.058900 0.058900 0.058900 0.052356 0.052356 0.052356 0.037697 0.037696 0.037696 0.037696 0.037696
0.115274 0.115274 0.064843 0.064841 0.064841 0.064841 0.064841 0.064841 0.057637 0.057637 0.057637 0.041499 0.041499 0.041498 0.041498 0.041498
0.129996 0.073124 0.073123 0.073123 0.073123 0.073122 0.064998 0.064998 0.046799 0.046799 0.046799 0.046799 0.046799 0.046799 0.046799 0.046799
0.100452 0.100452 0.100452 0.100452 0.056505 0.056504 0.056504 0.056504 0.056504 0.056504 0.050226 0.050226 0.050226 0.036163 0.036163 0.036163
0.101087 0.101087 0.101087 0.101087 0.056861 0.056861 0.056861 0.056861 0.056861 0.050543 0.050543 0.050543 0.050543 0.036391 0.036391 0.036391
0.119118 0.119118 0.067005 0.067004 0.067004 0.067004 0.067004 0.067003 0.059559 0.042883 0.042883 0.042883 0.042883 0.042883 0.042883 0.042883
0.119118 0.119118 0.067005 0.067004 0.067004 0.067004 0.067004 0.067003 0.059559 0.042883 0.042883 0.042883 0.042883 0.042883 0.042883 0.042883
0.128949 0.072535 0.072534 0.072534 0.072534 0.072534 0.072534 0.064474 0.046422 0.046422 0.046422 0.046422 0.046422 0.046422 0.046422 0.046422
0.117164 0.117164 0.065906 0.065905 0.065905 0.065905 0.065905 0.065905 0.058582 0.058582 0.042180 0.042180 0.042180 0.042180 0.042179 0.042179
0.118029 0.118029 0.066391 0.066391 0.066391 0.066391 0.066391 0.059014 0.059014 0.059014 0.042490 0.042490 0.042490 0.042490 0.042490 0.042490
0.114025 0.114025 0.114025 0.064139 0.064139 0.064139 0.064138 0.057013 0.057013 0.041049 0.041049 0.041049 0.041049 0.041049 0.041049 0.041049
0.109739 0.109739 0.109739 0.061729 0.061728 0.061728 0.061728 0.061728 0.054870 0.054870 0.054869 0.039507 0.039507 0.039507 0.039507 0.039506
0.120012 0.120012 0.067507 0.067507 0.067507 0.067507 0.067506 0.060006 0.060006 0.043204 0.043204 0.043204 0.043204 0.043204 0.043204 0.043204
0.112234 0.112234 0.112234 0.063131 0.063131 0.063131 0.063131 0.056117 0.056117 0.056117 0.040404 0.040404 0.040404 0.040404 0.040404 0.040404
0.103199 0.103199 0.103199 0.103199 0.058051 0.058049 0.058049 0.058049 0.051599 0.051599 0.051599 0.051599 0.037152 0.037152 0.037152 0.037152
0.110497 0.110497 0.110497 0.062156 0.062155 0.062155 0.062155 0.055248 0.055248 0.055248 0.055248 0.039779 0.039779 0.039779 0.039779 0.039779
0.123954 0.123954 0.069724 0.069724 0.069724 0.061977 0.061977 0.061977 0.044624 0.044624 0.044624 0.044624 0.044624 0.044624 0.044624 0.044624
0.118906 0.118906 0.066885 0.066885 0.066885 0.066884 0.059453 0.059453 0.059453 0.059453 0.042806 0.042806 0.042806 0.042806 0.042806 0.042806
0.109739 0.109739 0.109739 0.061728 0.061728 0.061728 0.061728 0.061728 0.054870 0.054870 0.054870 0.039506 0.039506 0.039506 0.039506 0.039506
0.122063 0.122063 0.068660 0.068660 0.068660 0.068660 0.068660 0.061031 0.043943 0.043943 0.043943 0.043943 0.043943 0.043943 0.043943 0.043943
0.126682 0.126682 0.071260 0.071259 0.071259 0.071259 0.063341 0.063341 0.045606 0.045606 0.045606 0.045606 0.045606 0.035630 0.035630 0.035629
0.111451 0.111451 0.111451 0.062693 0.062691 0.062691 0.062691 0.062691 0.055726 0.055726 0.040123 0.040123 0.040123 0.040123 0.040123 0.040123
0.116720 0.116720 0.116720 0.065655 0.065655 0.065654 0.058360 0.058360 0.042019 0.042019 0.042019 0.042019 0.042019 0.042019 0.042019 0.042019
0.105764 0.105764 0.105764 0.059493 0.059492 0.059492 0.059492 0.059492 0.059492 0.052882 0.052882 0.052882 0.052882 0.038076 0.038076 0.038075
0.118906 0.118906 0.066885 0.066885 0.066885 0.066884 0.059453 0.059453 0.059453 0.059453 0.042806 0.042806 0.042806 0.042806 0.042806 0.042806
0.103199 0.103199 0.103199 0.103199 0.058051 0.058049 0.058049 0.058049 0.051599 0.051599 0.051599 0.051599 0.037152 0.037152 0.037152 0.037152
0.101087 0.101087 0.101087 0.101087 0.056861 0.056861 0.056861 0.056861 0.056861 0.050543 0.050543 0.050543 0.050543 0.036391 0.036391 0.036391
0.123001 0.123001 0.069189 0.069188 0.069188 0.069187 0.061501 0.061500 0.044281 0.044281 0.044280 0.044280 0.044280 0.044280 0.044280 0.044280
0.120012 0.120012 0.067508 0.067507 0.067507 0.067507 0.067506 0.060006 0.060006 0.043205 0.043205 0.043204 0.043204 0.043204 0.043204 0.043204
0.131319 0.073869 0.073867 0.073867 0.073867 0.073867 0.073866 0.047276 0.047276 0.047275 0.047275 0.047275 0.047275 0.047275 0.047275 0.047275
0.129996 0.073124 0.073123 0.073123 0.073123 0.073123 0.064998 0.064998 0.046799 0.046799 0.046799 0.046799 0.046799 0.046799 0.046799 0.046799
0.114025 0.114025 0.114025 0.064139 0.064139 0.064139 0.064139 0.057013 0.057013 0.041049 0.041049 0.041049 0.041049 0.041049 0.041049 0.041049
0.118906 0.118906 0.066885 0.066885 0.066885 0.066884 0.059453 0.059453 0.059453 0.059453 0.042806 0.042806 0.042806 0.042806 0.042806 0.042806
0.106980 0.106980 0.106980 0.106980 0.060178 0.060176 0.060176 0.053490 0.053490 0.053490 0.038513 0.038513 0.038513 0.038513 0.038513 0.038513
0.108079 0.108079 0.108079 0.060795 0.060794 0.060794 0.060794 0.060794 0.054039 0.054039 0.054039 0.054039 0.038909 0.038909 0.038909 0.038908
0.104712 0.104712 0.104712 0.104712 0.058901 0.058901 0.058901 0.058900 0.052356 0.052356 0.052356 0.037696 0.037696 0.037696 0.037696 0.037696
0.123001 0.123001 0.069189 0.069188 0.069188 0.069188 0.061500 0.061500 0.044281 0.044281 0.044280 0.044280 0.044280 0.044280 0.044280 0.044280
0.114025 0.114025 0.114025 0.064139 0.064139 0.064139 0.064139 0.057013 0.057013 0.041049 0.041049 0.041049 0.041049 0.041049 0.041049 0.041049
0.127673 0.127673 0.071817 0.071816 0.071816 0.071815 0.063836 0.045963 0.045963 0.045962 0.045962 0.045962 0.045962 0.045962 0.035908 0.035908
0.138720 0.078032 0.078030 0.078029 0.069360 0.069360 0.049940 0.049939 0.049939 0.049939 0.049939 0.049939 0.049939 0.049939 0.049939 0.039015
0.123001 0.123001 0.069188 0.069188 0.069188 0.069188 0.061501 0.061501 0.044280 0.044280 0.044280 0.044280 0.044280 0.044280 0.044280 0.044280
0.123001 0.123001 0.069190 0.069188 0.069188 0.069187 0.061501 0.061501 0.044281 0.044281 0.044280 0.044280 0.044280 0.044280 0.044280 0.044280
0.120012 0.120012 0.067508 0.067507 0.067507 0.067507 0.067506 0.060006 0.060006 0.043205 0.043205 0.043205 0.043204 0.043204 0.043204 0.043204
0.127409 0.127409 0.071669 0.071667 0.071667 0.063704 0.063704 0.045868 0.045867 0.045867 0.045867 0.045867 0.045867 0.045867 0.045867 0.035834
0.148788 0.083695 0.083693 0.083693 0.083692 0.053564 0.053564 0.053564 0.053564 0.053563 0.041847 0.041847 0.041847 0.041846 0.041846 0.039385
0.124204 0.124204 0.069865 0.069865 0.069865 0.069864 0.062102 0.062102 0.044714 0.044714 0.044714 0.044714 0.044714 0.044713 0.044713 0.034933
0.141143 0.079393 0.079392 0.070572 0.070572 0.050812 0.050812 0.050812 0.050812 0.050812 0.050812 0.050812 0.050812 0.050812 0.050812 0.050811
0.120012 0.120012 0.067507 0.067507 0.067507 0.067507 0.067506 0.060006 0.060006 0.043205 0.043204 0.043204 0.043204 0.043204 0.043204 0.043204
0.132407 0.074479 0.074479 0.074479 0.074479 0.074478 0.066203 0.047666 0.047666 0.047666 0.047666 0.047666 0.047666 0.047666 0.047666 0.047666
0.129997 0.073123 0.073123 0.073123 0.073123 0.073122 0.064998 0.064998 0.046799 0.046799 0.046799 0.046799 0.046799 0.046799 0.046799 0.046799
0.120012 0.120012 0.067507 0.067507 0.067507 0.067507 0.067506 0.060006 0.060006 0.043204 0.043204 0.043204 0.043204 0.043204 0.043204 0.043204
0.122063 0.122063 0.068662 0.068660 0.068660 0.068660 0.068660 0.061031 0.043943 0.043943 0.043943 0.043943 0.043943 0.043943 0.043943 0.043943
0.121138 0.121138 0.068142 0.068140 0.068140 0.068140 0.068140 0.068140 0.043610 0.043610 0.043610 0.043610 0.043610 0.043610 0.043610 0.043610
0.122063 0.122063 0.068660 0.068660 0.068660 0.068660 0.068660 0.061031 0.043943 0.043943 0.043943 0.043943 0.043943 0.043943 0.043943 0.043943
0.125156 0.125156 0.070401 0.070400 0.070400 0.070400 0.062578 0.045056 0.045056 0.045056 0.045056 0.045056 0.045056 0.045056 0.045056 0.045056
0.126143 0.126143 0.070957 0.070955 0.070955 0.063071 0.063071 0.045412 0.045412 0.045411 0.045411 0.045411 0.045411 0.045411 0.045411 0.045411
0.120012 0.120012 0.067508 0.067507 0.067507 0.067507 0.067506 0.060006 0.060006 0.043205 0.043205 0.043205 0.043204 0.043204 0.043204 0.043204
0.125156 0.125156 0.070402 0.070400 0.070400 0.070400 0.062578 0.045057 0.045056 0.045056 0.045056 0.045056 0.045056 0.045056 0.045056 0.045056
0.110680 0.110680 0.110680 0.062259 0.062258 0.062258 0.062258 0.062258 0.062257 0.055340 0.039845 0.039845 0.039845 0.039845 0.039845 0.039845
0.122063 0.122063 0.068662 0.068660 0.068660 0.068660 0.068660 0.061031 0.043943 0.043943 0.043943 0.043943 0.043943 0.043943 0.043943 0.043943
0.140253 0.078892 0.078892 0.078891 0.070126 0.070126 0.050491 0.050491 0.050491 0.050491 0.050491 0.050491 0.050491 0.050491 0.039446 0.039446
0.145480 0.145480 0.081832 0.072740 0.072740 0.052373 0.052373 0.052373 0.052372 0.040916 0.040916 0.038509 0.038509 0.038509 0.038509 0.036370
0.129997 0.073125 0.073123 0.073123 0.073123 0.073122 0.064998 0.064998 0.046799 0.046799 0.046799 0.046799 0.046799 0.046799 0.046799 0.046799
0.149059 0.083847 0.083845 0.074529 0.053662 0.053661 0.053661 0.053661 0.053661 0.053661 0.053661 0.053661 0.053661 0.041923 0.041923 0.041923
0.124204 0.124204 0.069865 0.069865 0.069865 0.069864 0.062102 0.062102 0.044714 0.044714 0.044714 0.044714 0.044714 0.044714 0.044713 0.034933
0.114025 0.114025 0.114025 0.064140 0.064139 0.064139 0.064139 0.057012 0.057012 0.041049 0.041049 0.041049 0.041049 0.041049 0.041049 0.041049
0.118659 0.118659 0.118659 0.066746 0.066746 0.066746 0.059330 0.042717 0.042717 0.042717 0.042717 0.042717 0.042717 0.042717 0.042717 0.042717
0.114025 0.114025 0.114025 0.064140 0.064139 0.064139 0.064139 0.057012 0.057012 0.041049 0.041049 0.041049 0.041049 0.041049 0.041049 0.041049
0.122063 0.122063 0.068660 0.068660 0.068660 0.068660 0.068660 0.061032 0.043943 0.043943 0.043943 0.043943 0.043943 0.043943 0.043942 0.043942
0.136379 0.136379 0.076713 0.076713 0.076713 0.049097 0.049097 0.049097 0.049097 0.049097 0.049096 0.049096 0.038357 0.038357 0.038357 0.038356
0.114843 0.114843 0.114843 0.064601 0.064599 0.064599 0.057422 0.057422 0.057422 0.041344 0.041344 0.041344 0.041344 0.041344 0.041344 0.041344
0.127145 0.127145 0.071521 0.071519 0.063573 0.063573 0.063573 0.045773 0.045773 0.045773 0.045772 0.045772 0.045772 0.045772 0.045772 0.045772
0.124455 0.070008 0.070006 0.070006 0.070006 0.070006 0.070005 0.062228 0.062228 0.062228 0.044804 0.044804 0.044804 0.044804 0.044804 0.044804
0.105402 0.105402 0.105402 0.105402 0.059290 0.059288 0.059288 0.052701 0.052701 0.052701 0.052701 0.037945 0.037945 0.037945 0.037945 0.037945
0.114843 0.114843 0.114843 0.064599 0.064599 0.064599 0.057422 0.057422 0.057422 0.041344 0.041344 0.041344 0.041344 0.041344 0.041344 0.041344
0.103199 0.103199 0.103199 0.103199 0.058050 0.058050 0.058050 0.058050 0.051600 0.051600 0.051600 0.051600 0.037152 0.037152 0.037152 0.037152
0.109739 0.109739 0.109739 0.061729 0.061728 0.061728 0.061728 0.061728 0.054870 0.054870 0.054870 0.039507 0.039507 0.039507 0.039507 0.039506
0.111451 0.111451 0.111451 0.062693 0.062691 0.062691 0.062691 0.062691 0.055726 0.055726 0.040123 0.040123 0.040123 0.040123 0.040123 0.040123
0.120012 0.120012 0.067508 0.067507 0.067507 0.067507 0.067506 0.060006 0.060006 0.043205 0.043205 0.043205 0.043204 0.043204 0.043204 0.043204
0.107353 0.107353 0.107353 0.060388 0.060386 0.060386 0.060386 0.060386 0.060386 0.053677 0.053677 0.053677 0.038648 0.038648 0.038648 0.038647
0.105069 0.105069 0.105069 0.059103 0.059102 0.059102 0.059102 0.059102 0.059102 0.059101 0.052535 0.052535 0.052535 0.037825 0.037825 0.037825
0.101087 0.101087 0.101087 0.101087 0.056861 0.056861 0.056861 0.056861 0.056861 0.050543 0.050543 0.050543 0.050543 0.036391 0.036391 0.036391
0.112234 0.112234 0.112234 0.063131 0.063131 0.063131 0.063131 0.056117 0.056117 0.056117 0.040404 0.040404 0.040404 0.040404 0.040404 0.040404
0.100452 0.100452 0.100452 0.100452 0.056505 0.056504 0.056504 0.056504 0.056504 0.056504 0.050226 0.050226 0.050226 0.036163 0.036163 0.036163
0.099059 0.099059 0.099059 0.099059 0.055721 0.055721 0.055721 0.055721 0.055721 0.055721 0.049529 0.049529 0.049529 0.049529 0.035661 0.035661
0.105764 0.105764 0.105764 0.059492 0.059492 0.059492 0.059492 0.059492 0.059492 0.052882 0.052882 0.052882 0.052882 0.038075 0.038075 0.038075
0.120012 0.120012 0.067508 0.067507 0.067507 0.067507 0.067507 0.060006 0.060006 0.043205 0.043205 0.043204 0.043204 0.043204 0.043204 0.043204
0.123954 0.123954 0.069725 0.069724 0.069724 0.061977 0.061977 0.061977 0.044624 0.044624 0.044624 0.044623 0.044623 0.044623 0.044623 0.044623
0.118029 0.118029 0.066391 0.066391 0.066391 0.066391 0.066391 0.059014 0.059014 0.059014 0.042490 0.042490 0.042490 0.042490 0.042490 0.042490
0.109739 0.109739 0.109739 0.061729 0.061728 0.061728 0.061728 0.061728 0.054870 0.054870 0.054870 0.039507 0.039507 0.039507 0.039506 0.039506
0.102538 0.102538 0.102538 0.102538 0.057678 0.057678 0.057678 0.057678 0.057677 0.051269 0.051269 0.051269 0.036914 0.036914 0.036914 0.036914
0.101086 0.101086 0.101086 0.101086 0.056862 0.056861 0.056861 0.056861 0.056861 0.050543 0.050543 0.050543 0.050543 0.036392 0.036392 0.036392
0.104031 0.104031 0.104031 0.104031 0.058519 0.058517 0.058517 0.058517 0.058517 0.052016 0.052016 0.037452 0.037452 0.037451 0.037451 0.037451
0.113218 0.113218 0.113218 0.063686 0.063685 0.063685 0.063685 0.063685 0.056609 0.040759 0.040759 0.040758 0.040758 0.040758 0.040758 0.040758
0.119546 0.119546 0.119546 0.067244 0.067244 0.059773 0.059773 0.043036 0.043036 0.043036 0.043036 0.043036 0.043036 0.043036 0.043036 0.043036
0.112233 0.112233 0.112233 0.063132 0.063131 0.063131 0.063131 0.056117 0.056117 0.056117 0.040404 0.040404 0.040404 0.040404 0.040404 0.040404
0.120919 0.120919 0.068018 0.068017 0.068017 0.068016 0.060459 0.060459 0.060459 0.043531 0.043531 0.043531 0.043531 0.043531 0.043531 0.043531
0.114843 0.114843 0.114843 0.064599 0.064599 0.064599 0.057422 0.057422 0.057422 0.041344 0.041344 0.041344 0.041344 0.041344 0.041344 0.041344
0.104712 0.104712 0.104712 0.104712 0.058902 0.058900 0.058900 0.058900 0.052356 0.052356 0.052356 0.037697 0.037697 0.037697 0.037697 0.037696
0.112233 0.112233 0.112233 0.063131 0.063131 0.063131 0.063131 0.056117 0.056117 0.056117 0.040405 0.040405 0.040405 0.040404 0.040404 0.040404
0.123954 0.123954 0.069724 0.069724 0.069724 0.061977 0.061977 0.061977 0.044624 0.044624 0.044624 0.044624 0.044624 0.044624 0.044624 0.044624
0.118906 0.118906 0.066886 0.066885 0.066884 0.066884 0.059453 0.059453 0.059453 0.059453 0.042807 0.042807 0.042806 0.042806 0.042806 0.042806
0.116720 0.116720 0.116720 0.065656 0.065655 0.065655 0.058360 0.058360 0.042020 0.042020 0.042020 0.042019 0.042019 0.042019 0.042019 0.042019
0.114025 0.114025 0.114025 0.064140 0.064139 0.064139 0.064139 0.057012 0.057012 0.041049 0.041049 0.041049 0.041049 0.041049 0.041049 0.041049
0.123001 0.123001 0.069189 0.069188 0.069188 0.069188 0.061500 0.061500 0.044281 0.044281 0.044280 0.044280 0.044280 0.044280 0.044280 0.044280
0.113218 0.113218 0.113218 0.063686 0.063685 0.063685 0.063685 0.063684 0.056609 0.040759 0.040759 0.040759 0.040758 0.040758 0.040758 0.040758
0.114025 0.114025 0.114025 0.064139 0.064139 0.064139 0.064139 0.057013 0.057013 0.041049 0.041049 0.041049 0.041049 0.041049 0.041049 0.041049
0.126662 0.071249 0.071247 0.071247 0.071247 0.071247 0.071247 0.063331 0.063331 0.045599 0.045599 0.045599 0.045598 0.045598 0.045598 0.045598
0.103199 0.103199 0.103199 0.103199 0.058051 0.058049 0.058049 0.058049 0.051599 0.051599 0.051599 0.051599 0.037152 0.037152 0.037152 0.037152
0.105402 0.105402 0.105402 0.105402 0.059290 0.059288 0.059288 0.052701 0.052701 0.052701 0.052701 0.037945 0.037945 0.037945 0.037945 0.037945
0.103199 0.103199 0.103199 0.103199 0.058051 0.058049 0.058049 0.058049 0.051599 0.051599 0.051599 0.051599 0.037152 0.037152 0.037152 0.037152
0.101086 0.101086 0.101086 0.101086 0.056862 0.056861 0.056861 0.056861 0.056861 0.050543 0.050543 0.050543 0.050543 0.036392 0.036392 0.036392
0.104712 0.104712 0.104712 0.104712 0.058901 0.058901 0.058901 0.058900 0.052356 0.052356 0.052356 0.037696 0.037696 0.037696 0.037696 0.037696
0.129450 0.129450 0.072815 0.072815 0.064725 0.064725 0.046602 0.046602 0.046602 0.046602 0.046602 0.046602 0.046602 0.046602 0.046602 0.046602
0.115875 0.115875 0.115875 0.065180 0.065180 0.065180 0.065179 0.057937 0.041715 0.041715 0.041715 0.041715 0.041715 0.041715 0.041715 0.041715
0.115875 0.115875 0.115875 0.065180 0.065180 0.065180 0.065179 0.057937 0.041715 0.041715 0.041715 0.041715 0.041715 0.041715 0.041715 0.041715
0.131839 0.131839 0.074160 0.074159 0.065920 0.047462 0.047462 0.047462 0.047462 0.047462 0.047462 0.047462 0.047462 0.047462 0.047462 0.047462
0.122063 0.122063 0.068662 0.068660 0.068660 0.068660 0.068660 0.061031 0.043943 0.043943 0.043943 0.043943 0.043943 0.043943 0.043942 0.043942
0.114025 0.114025 0.114025 0.064140 0.064139 0.064139 0.064138 0.057012 0.057012 0.041049 0.041049 0.041049 0.041049 0.041049 0.041049 0.041049
0.115875 0.115875 0.115875 0.065181 0.065179 0.065179 0.065179 0.057937 0.041715 0.041715 0.041715 0.041715 0.041715 0.041715 0.041715 0.041715
0.123001 0.123001 0.069189 0.069188 0.069188 0.069188 0.061500 0.061500 0.044281 0.044281 0.044281 0.044280 0.044280 0.044280 0.044280 0.044280
0.124455 0.124455 0.070007 0.070006 0.070006 0.070006 0.070006 0.062228 0.044804 0.044804 0.044804 0.044804 0.044804 0.044804 0.035003 0.035003
0.119118 0.119118 0.067005 0.067004 0.067004 0.067004 0.067004 0.067003 0.059559 0.042883 0.042883 0.042883 0.042883 0.042883 0.042883 0.042883
0.122063 0.122063 0.068662 0.068660 0.068660 0.068660 0.068660 0.061031 0.043943 0.043943 0.043943 0.043943 0.043943 0.043943 0.043943 0.043943
0.134635 0.134635 0.075732 0.075732 0.067317 0.048469 0.048469 0.048468 0.048468 0.048468 0.048468 0.048468 0.048468 0.048468 0.037866 0.037866
0.122063 0.122063 0.068660 0.068660 0.068660 0.068660 0.068660 0.061031 0.043943 0.043943 0.043943 0.043943 0.043943 0.043943 0.043943 0.043943
0.122063 0.122063 0.068662 0.068660 0.068660 0.068660 0.068660 0.061031 0.043943 0.043943 0.043943 0.043943 0.043943 0.043943 0.043943 0.043942
0.113218 0.113218 0.113218 0.063686 0.063685 0.063685 0.063685 0.063684 0.056609 0.040759 0.040759 0.040758 0.040758 0.040758 0.040758 0.040758
0.120012 0.120012 0.067508 0.067507 0.067507 0.067507 0.067506 0.060006 0.060006 0.043205 0.043204 0.043204 0.043204 0.043204 0.043204 0.043204
0.111452 0.111452 0.111452 0.062693 0.062691 0.062691 0.062691 0.062691 0.055726 0.055726 0.040123 0.040123 0.040123 0.040123 0.040123 0.040123
0.131061 0.131061 0.073722 0.073722 0.073722 0.065531 0.047183 0.047183 0.047182 0.047182 0.047182 0.047182 0.047182 0.047182 0.036861 0.036861
0.125156 0.125156 0.070400 0.070400 0.070400 0.070400 0.062578 0.045057 0.045057 0.045056 0.045056 0.045056 0.045056 0.045056 0.045056 0.045056
0.114025 0.114025 0.114025 0.064139 0.064139 0.064139 0.064138 0.057013 0.057013 0.041049 0.041049 0.041049 0.041049 0.041049 0.041049 0.041049
0.153029 0.086080 0.086079 0.076514 0.055090 0.055090 0.055090 0.055090 0.055090 0.055090 0.055090 0.043040 0.043040 0.043039 0.043039 0.040508
0.124185 0.124185 0.069855 0.069854 0.069854 0.069854 0.069854 0.044707 0.044707 0.044707 0.044707 0.044707 0.044707 0.044707 0.044707 0.044707
0.125157 0.125157 0.070401 0.070401 0.070401 0.070401 0.062578 0.045056 0.045056 0.045056 0.045056 0.045056 0.045056 0.045056 0.045056 0.045056
0.124185 0.124185 0.069855 0.069854 0.069854 0.069854 0.069853 0.044707 0.044707 0.044707 0.044707 0.044707 0.044707 0.044707 0.044707 0.044706
0.114025 0.114025 0.114025 0.064140 0.064139 0.064139 0.064139 0.057012 0.057012 0.041049 0.041049 0.041049 0.041049 0.041049 0.041049 0.041049
0.123001 0.123001 0.069188 0.069188 0.069188 0.069188 0.061501 0.061501 0.044280 0.044280 0.044280 0.044280 0.044280 0.044280 0.044280 0.044280
0.125156 0.125156 0.070402 0.070400 0.070400 0.070400 0.062578 0.045057 0.045057 0.045057 0.045056 0.045056 0.045056 0.045056 0.045056 0.045056
0.118659 0.118659 0.118659 0.066746 0.066746 0.066746 0.059329 0.042718 0.042718 0.042718 0.042717 0.042717 0.042717 0.042717 0.042717 0.042717
0.113218 0.113218 0.113218 0.063685 0.063685 0.063685 0.063685 0.063685 0.056609 0.040759 0.040759 0.040759 0.040759 0.040759 0.040759 0.040759
0.125156 0.125156 0.070402 0.070400 0.070400 0.070400 0.062578 0.045057 0.045057 0.045056 0.045056 0.045056 0.045056 0.045056 0.045056 0.045056
0.136054 0.076532 0.076530 0.076530 0.076530 0.068027 0.048980 0.048980 0.048979 0.048979 0.048979 0.048979 0.048979 0.048979 0.048979 0.048979
0.114025 0.114025 0.114025 0.064140 0.064139 0.064139 0.064139 0.057012 0.057012 0.041049 0.041049 0.041049 0.041049 0.041049 0.041049 0.041049
0.111451 0.111451 0.111451 0.062693 0.062691 0.062691 0.062691 0.062691 0.055726 0.055726 0.040123 0.040123 0.040123 0.040123 0.040123 0.040123
0.115875 0.115875 0.115875 0.065180 0.065180 0.065180 0.065179 0.057937 0.041715 0.041715 0.041715 0.041715 0.041715 0.041715 0.041715 0.041715
0.142146 0.079959 0.079957 0.079957 0.079957 0.071073 0.051173 0.051173 0.051173 0.051173 0.051173 0.051173 0.039979 0.039979 0.039979 0.039979
0.133824 0.133824 0.075277 0.075276 0.075276 0.066912 0.048177 0.048177 0.048176 0.048176 0.048176 0.048176 0.037638 0.037638 0.037638 0.037638
0.119118 0.119118 0.067005 0.067004 0.067004 0.067004 0.067004 0.067003 0.059559 0.042883 0.042883 0.042883 0.042883 0.042883 0.042883 0.042883
0.131341 0.131341 0.073880 0.073880 0.073880 0.073879 0.047283 0.047283 0.047283 0.047283 0.047283 0.047283 0.047283 0.036940 0.036940 0.036940
0.143756 0.080863 0.080863 0.080863 0.080862 0.071878 0.051752 0.051752 0.051752 0.051752 0.051752 0.040431 0.040431 0.040431 0.040431 0.040431
