0876 0016 0072 0001 0004 0892 1164 0877 0948 0304 0017 0880 0020 0360 0076 0292
0883 0023 0011 0006 0295 0079 0003 0899 0887 0027 0882 0022 0955 1171 0095 0311
0888 0028 0013 0300 0084 0008 0904 1176 0960 0889 0316 0884 0024 0085 0301 0372
0890 0015 0302 0013 0086 0010 0906 0891 0031 0889 0962 0886 0026 0303 0085 0374
0905 0013 0101 0028 0317 0025 0889 0921 0904 0977 1193 0906 0085 0333 0117 0301
0906 0046 0031 0026 0922 0890 0047 0015 0905 1194 0013 0302 0086 0118 0334 0902
0908 0016 0320 0033 0036 0892 0909 1196 0980 0017 0304 0048 0020 0105 0392 0037
0919 0027 0055 0039 0042 0115 0047 0931 0915 0023 0918 0026 0054 0991 0099 0127
0920 0028 0116 0040 0904 1208 0992 0921 0344 0057 0128 0316 0916 0024 0117 0404
0921 0057 0046 0333 0117 0041 0905 0933 0993 1209 0920 0922 0028 0317 0058 0345
0039 0055 0050 0123 0339 0915 0939 0931 0062 0038 1215 0999 0327 0035 0054 0127
0928 0064 0040 0048 0053 0940 0916 0924 0036 0060 1000 0041 0112 0328 0352 0065
0068 0344 0128 0057 0920 0944 0933 1004 1220 0069 0116 0356 0140 0928 0064 0040
0939 0062 0943 0055 0938 0050 1227 1011 0339 0123 0066 0355 0350 0931 1215 0999
0943 0055 0066 0355 0071 0931 0939 0054 1015 0127 0947 0059 0062 0138 0427 0143
0946 0058 0071 0069 0142 0066 0934 0947 0059 1234 0057 0130 0346 0054 0143 0359
0089 0001 0145 0361 0074 0072 0077 0948 1237 0950 1021 0877 0017 0161 0377 0090
0956 0076 0081 0008 0084 0972 0092 0957 0884 1028 0024 0097 0384 0960 0077 0148
0963 0103 0086 0375 0159 0015 0083 0962 0891 1035 1251 0031 0391 0959 0099 0374
0072 0376 0160 0016 0089 0092 0948 0980 0892 1252 0360 0176 0105 0392 0968 0076
0077 0097 0092 0165 0021 0094 0089 0985 0953 0973 0081 0113 0968 0970 0005 0078
0972 0112 0092 0097 0384 0024 0956 0988 0968 0076 0973 1259 0113 0081 0040 0008
0116 0084 0388 0172 0028 0101 0960 0992 0977 0904 1048 0372 0156 0404 0085 0117
0118 0086 0103 0101 0390 0098 0962 0994 0119 1265 0906 0977 1050 0085 0158 0374
0980 0176 0392 0105 0981 0908 1052 1267 0160 0089 0016 0376 0984 0092 0033 0320
0984 0092 0112 0396 0036 0180 0968 0996 0988 1056 0985 0020 0048 0164 0380 0121
0985 0121 0113 0037 0110 0181 0397 0105 0997 0989 0097 0125 0913 0986 0984 0094
0987 0095 0123 0115 0110 0399 0039 0107 0999 0971 0991 0099 0127 0986 0122 0094
0996 0132 0121 0048 1008 0984 1000 0136 0112 1281 1068 0997 0924 0036 0204 0180
1000 0136 0112 0125 0412 0128 1012 0988 0996 0132 1284 1072 0928 0064 0040 0137
0122 0138 0133 0062 0206 1014 0126 1011 0123 1009 0938 1082 1293 0121 0050 0137
1011 0123 0207 0999 1015 0127 0122 0939 1294 1083 0138 0427 0062 0206 1003 1071
1015 0127 0138 0427 0143 1003 1011 0123 1014 0126 0943 1087 0055 1019 0131 0207
1017 0129 0142 0140 0213 0069 0429 0137 1300 1016 0057 0128 0130 0201 0417 1013
1020 0160 0216 0145 0072 0148 1092 0232 1303 0948 1021 0161 0448 1024 0164 0504
0165 0153 0148 0077 0150 0437 0145 0169 0953 1308 1024 1026 0164 0453 0166 1021
1028 0148 0224 0440 0153 0156 1024 0164 0240 1311 0956 0169 1032 0172 0220 0076
1033 0229 0156 0085 0158 0153 1049 0245 1032 0961 0172 0101 0169 0228 0517 0230
1038 0146 0234 0090 0161 0166 1022 1054 1039 1110 0147 0250 0966 1037 0145 0434
1039 0147 0235 0451 0091 0167 1038 1111 0146 0219 0967 0075 0467 0107 1043 0151
0164 0240 0169 0172 1028 1060 1040 0180 0148 0224 1045 1325 0972 0112 0185 0440
1046 0154 0186 0166 0171 0242 0098 0458 0169 1030 1062 1042 0182 0150 1118 0155
1049 0189 0245 0101 0172 0169 1033 1065 1121 0229 0977 1050 1048 0156 0158 0117
1050 0190 0158 1066 1122 1051 0262 0230 0159 0191 1049 1331 0086 0446 0118 0189
1051 0191 0159 0103 0171 1067 1035 1050 0190 0158 1332 0119 0447 0155 0187 0391
1053 0161 0249 0176 0105 0465 0181 1037 1125 1052 1334 0981 1054 0089 0449 0160
1054 0250 0106 0466 0182 1038 1126 0234 1335 0982 1053 0161 0090 1058 0166 0249
0467 0107 1039 1127 1054 0235 0983 0091 0451 1059 0167 0250 0466 0106 0539 0395
1059 0167 0187 0255 0182 1043 1071 1063 0171 1131 1058 0166 0267 0987 1340 0123
1060 0180 0112 0185 1072 1056 0164 1132 0268 0240 1341 0988 1061 0169 0484 0197
0200 0172 0260 0189 0116 0476 1048 1076 1136 0244 0992 1065 0201 0488 0128 1060
1068 0204 0180 0264 0193 1056 1072 1140 0276 1069 0996 1348 0181 0205 0132 0492
1070 0182 0206 0198 0193 0122 0482 1082 1058 1074 0186 1071 1142 0207 1069 1349
1071 0207 0267 0123 0483 1059 1083 0187 1070 1143 0206 0255 0279 0182 0999 1350
1072 0268 0484 0197 0200 1060 1068 0180 0204 1144 0280 1000 0185 0112 0496 0209
0187 0271 0198 0127 0487 1087 1063 1071 0207 1074 1147 0186 1003 1352 0499 0115
1079 0215 0191 0202 0275 0491 0131 1067 0190 0214 0287 1007 1356 0143 0503 0119
0204 0280 0209 0136 0496 1072 1156 0268 1012 1085 0197 0484 1088 0200 0276 0492
1086 0198 0206 0138 0209 0214 1074 1082 1087 1158 1085 1014 1363 0197 0126 0202
1087 0207 0499 0215 1083 1086 1159 0271 0198 1015 0487 0127 0206 0279 0138 0571
1088 0200 0284 0213 0500 0140 1076 1160 1016 1365 0128 0201 0488 0285 0428 0501
0234 0219 0146 0217 0222 1110 1095 1022 0235 1371 0522 1098 0147 0145 0434 0505
0225 0220 0222 0217 1113 1101 0241 0165 1096 1098 0525 0236 0153 0513 0224 0150
0242 0222 0154 0514 0225 0230 1118 1098 1030 0243 1379 1101 0241 0530 0223 0150
0243 0223 0155 0515 1119 1031 0242 0171 1380 0531 1107 0151 0222 0154 0514 0230
1107 0159 0230 0519 1035 1384 0243 0158 0447 0155 0515 1051 1122 1400 1119 1318
1109 0217 0249 0161 0232 0234 1125 1037 0145 1108 1386 1110 0216 0505 0248 0250
1113 0253 0241 0165 0236 0525 1129 0225 0181 1390 1112 1114 0220 0541 0222 1109
1114 0222 0242 0166 0526 0234 1130 1098 1118 0258 1042 1115 0223 0182 0150 0255
1115 0223 0255 0243 0167 0235 1131 1119 1043 1114 0151 0222 1111 0219 0242 0171
1122 0262 0230 0245 0534 0242 1138 1050 0158 0190 1121 0229 0550 1118 0258 0243
0243 1107 1139 1122 1051 0262 0159 0191 0230 1400 0519 0551 1119 0534 0171 0242
1127 0235 0250 0539 0255 1111 1126 0234 1404 0523 1131 0267 0467 0538 1110 1039
0264 0236 0180 0253 0540 0248 1112 1140 1132 0268 0240 1056 0164 1129 1405 0524
1130 0258 0255 0182 0253 0250 1114 1142 0242 1131 1058 0166 0267 1129 0265 0526
1132 0268 0240 0260 1144 0236 0264 1060 1409 1133 0269 0241 0556 1136 0244 0180
1133 0241 0269 0253 0185 0545 0258 1145 1129 0265 1061 0169 0197 1132 0242 0268
1135 0243 0271 0255 0258 0187 1119 1147 1131 0267 1063 0171 0242 0559 0531 1139
1137 0245 0273 0189 0260 0262 1121 1065 0201 1414 1136 1138 0244 0274 0561 1133
1139 0275 0262 0191 0551 1138 1067 0274 1416 0563 1135 0243 0271 0190 0550 0258
1142 0267 0265 1154 1130 1146 0258 1070 1143 0206 0255 0279 0182 1419 1141 0253
1146 0258 0198 0271 0269 0558 0274 1158 1142 1147 1074 0186 1423 1145 0570 0281
1148 0284 0260 0200 0560 0273 0268 1136 1160 1076 1425 0285 0548 1144 0280 0488
1154 0206 0279 0277 0566 1142 1158 1082 1155 0267 1431 1153 0265 0570 0281 0207
1158 0570 0281 0286 1146 1154 1086 1159 0198 0271 1157 0558 0269 1162 0274 0279
1159 0271 0279 0571 0287 1147 1155 0267 1087 1158 1436 0559 1163 0275 0207 0499
1164 0304 0360 0292 1180 0876 1236 1165 0305 0016 0376 1168 0308 0361 0001 0072
1165 0305 0361 0290 0001 0293 1181 0877 1164 1166 1237 0017 0377 0306 0304 1169
1167 0307 0290 0003 0363 0295 1183 1166 0306 1239 0019 0379 1171 0311 0362 0002
1172 0312 0292 0297 0008 0300 1188 1168 0308 0884 0384 0024 1176 0316 0004 0364
0294 0299 0370 0010 0297 0302 1170 0310 1175 1246 0886 0026 0386 0295 0293 0006
1185 0293 0325 0308 0021 0310 0305 1169 1201 1189 0329 0297 1186 1184 0005 0037
1189 0329 0297 0025 0312 0385 0317 1205 1185 0293 0325 1260 1188 0901 0369 0401
0330 0310 0386 0026 1186 0294 0326 1191 0299 0902 1189 0370 0010 0329 0042 0297
1191 0299 0311 0027 0319 1175 1187 0327 0295 0330 1262 0371 0011 0403 0303 0335
1194 0302 0334 0319 0317 0390 0303 0335 1193 1265 0906 0374 0301 0333 0046 0406
1197 0305 0033 0320 0325 1181 0909 1196 1198 0304 0017 0377 0306 1201 0337 0034
1198 0306 0323 0034 0394 0326 1182 1199 0307 1197 0910 0018 0305 0378 1202 0338
0308 0336 0328 0325 0036 0396 0320 1212 1184 0312 1201 0020 0048 0380 0337 1196
0327 0330 0403 0335 1191 1219 1203 0339 0311 0342 0919 1276 0027 0055 0319 0326
1208 0316 0344 0333 0404 0328 1220 0920 1209 1277 0388 0317 0028 0345 0312 0608
0352 0328 0336 0412 0341 0344 1212 0348 1284 1217 0928 0040 0400 0424 0329 0064
1219 0355 0339 0342 0055 1215 0327 1218 0330 0931 0427 0403 1223 0359 0335 0338
1223 0359 0335 0346 0059 0419 1235 0334 0935 1290 0047 0071 0431 1219 0355 0418
1227 0339 0355 0350 1215 0338 0939 1294 0427 0062 0627 1219 1214 1283 0327 1799
0341 0349 0065 0425 0352 0357 1217 1225 0337 1296 0941 0053 0413 0342 1233 0345
0342 0350 0355 0426 0066 1218 0338 1297 0054 0341 1234 0346 0349 0062 0427 0630
1234 0346 0359 0357 1235 1233 0946 1301 0418 0345 0058 0342 0431 0071 0634 0429
0369 0077 0364 0577 0437 0293 0361 1245 0385 1240 0953 1242 1308 1169 0589 0380
1242 0382 0370 0294 0078 0438 0578 0362 1257 1246 0386 1243 0383 1443 1170 0954
1243 0383 0371 0079 0579 0295 0363 1258 1247 1242 0382 0955 1444 1310 1171 0591
0384 0364 0440 0580 0369 0372 1259 1240 0380 1245 1172 1311 1445 0956 0312 0385
0397 0385 0453 0382 0589 0380 0377 1260 0369 0401 1454 1257 1256 1185 0577 0364
1262 0403 0371 0383 0386 0099 0595 0459 0391 1247 1276 1258 0399 0370 0975 1191
0377 0392 0465 0394 0105 0397 1267 1197 0981 1334 0305 0089 0449 0376 0378 0409
0386 0398 0403 0330 0606 0474 0114 0401 0406 0382 1276 1468 0126 0098 0342 0618
1280 0391 0419 0406 0611 0119 0335 0403 1290 1266 1279 0390 0418 0995 1473 1347
1281 0396 0412 0409 0336 1291 1284 0424 0400 0996 1212 1348 0624 0348 0132 0421
1282 0398 0614 0409 0338 0122 0482 1293 0426 1283 0399 1349 1476 1214 0326 0397
1283 0399 0123 0615 0483 0339 1294 1274 0403 0427 1282 0398 0999 1477 1350 1215
0426 0618 0342 0413 0126 0418 1297 1282 0398 0403 0427 1002 1218 1285 0138 0630
0427 0403 0487 0619 0127 0419 1276 1283 0399 0426 1219 1480 1352 1003 0115 0607
1287 0428 0404 0344 0620 0417 0128 0488 0412 1277 1004 1353 1481 1220 0116 0356
1291 0424 0348 0492 0421 0624 0132 1281 1295 0412 1224 1008 1357 1485 0336 0409
1293 0426 0494 0350 0421 1282 1297 1294 1487 0122 0409 0338 0482 0614 0427 0425
1294 0427 0627 1283 1293 1227 1011 0123 0339 0615 0483 0426 0499 0355 0631 0494
1301 0418 0431 0142 0429 0502 0634 0426 0419 1300 1234 1367 1495 0130 0346 0490
1303 0448 0504 0360 1319 1369 0520 1236 1304 1020 0376 0160 0449 0452 0216 0505
1304 0449 0505 0361 0145 0434 0437 1320 1305 1021 1237 1303 0448 0161 0377 1308
1306 0451 0434 0363 0147 1305 1372 0523 1239 0379 1310 0455 0146 0219 0362 0075
0452 0440 0508 0364 0636 0437 0148 1311 1373 0524 1024 1240 1308 0380 0648 0453
1310 0455 0438 0151 0639 1324 1314 0459 1376 0454 1243 1500 0383 0167 1306 0451
1314 0459 0442 0515 0371 0643 0155 0447 1328 1310 0455 1380 1313 0531 0458 1247
0517 0373 0645 0444 0446 0441 1382 1249 1317 1315 1033 0389 0657 1312 0229 0516
0434 0466 0522 0451 0449 0378 0454 1305 1335 1387 0538 0467 1320 1254 1038 0146
1325 0440 0452 0384 0652 1311 1341 0468 0512 1326 1259 1513 0640 0441 0473 0400
1326 0441 0473 0453 0529 0385 0169 0653 0458 1312 1342 0437 0469 1394 0513 0545
1329 0476 0444 0388 0172 0656 1315 0516 0548 1048 1517 0156 0372 0668 0404 0477
0477 0389 0657 0517 1049 1518 1331 1329 0446 0405 0373 0444 0189 0669 0476 0645
1331 0446 0534 0658 0390 0458 1317 1346 1332 0447 0550 1050 1519 1265 0158 0374
1332 0447 0659 0391 0459 1347 1318 1331 1400 0446 0519 0551 1520 1266 1051 0375
1333 0448 0536 0392 0465 0176 0468 1319 1401 0520 1052 1267 1334 0449 0376 0160
1340 0483 0455 0475 0470 0663 0399 0467 1324 1350 0487 0459 1339 1408 0454 0482
1341 0484 0468 0473 0400 0664 0476 1325 1337 0452 1409 0556 1275 1342 1060 0412
1346 0490 0550 0406 0477 0190 0474 1355 1331 1347 1415 0534 0562 0491 1066 1279
1347 0491 0551 0191 0671 0475 1332 1356 1416 1346 0563 0490 1067 1531 1280 0659
1348 0468 0492 0484 0552 0481 0672 1337 1357 0496 1417 0540 1532 1281 1068 0660
0473 0497 0481 0413 0197 0484 0489 1342 0493 0469 1422 0545 0569 1537 1285 0185
0474 0482 0487 0558 0198 0490 1363 1349 0470 0494 1352 1423 0570 0499 0475 0546
0483 0499 0494 0207 0687 1350 0487 1432 0482 1294 1083 0675 0571 0427 0566 0279
1363 0494 0499 0570 0497 0690 0426 0502 0482 0558 0487 1297 1086 1550 0198 1367
1371 0522 0434 0505 0510 1387 1372 1305 0523 0234 1375 0526 0146 0219 0217 0438
1372 0523 0219 1388 1371 1306 0522 0451 1095 0235 1376 0434 0147 0510 0223 0699
0525 0513 0437 0508 0510 0697 0505 1390 1378 0529 1308 0453 1375 1373 0524 0526
1376 0515 0510 0223 0699 1380 0531 1375 1310 0526 0455 0711 1372 0523 0514 0703
1383 0534 0446 0519 0706 0517 0230 0514 1317 1384 1382 1379 0530 0447 0158 0707
1386 0505 0537 0449 0522 0520 0525 1402 1320 0465 1109 1387 0504 0217 0536 0249
0531 0526 0455 0711 0523 1376 1408 1396 0515 1324 0510 1115 1571 0255 0699 0223
0512 0524 0712 0240 0529 1409 1389 0508 0540 1325 0440 1394 0513 0724 0224 0545
0548 0516 0716 0244 1381 1329 0444 0476 1576 1120 0228 0517 0728 0704 0260 0512
0517 0534 0245 0717 0529 1414 1382 0477 1121 0229 0516 0550 0548 1394 0513 0545
1400 0519 0551 0534 0719 0531 1416 1384 1332 0550 0447 1579 0731 0707 1396 0515
0526 0546 0470 0722 0541 0538 1419 0558 0530 1339 1408 0482 0454 1130 1406 0525
1408 0723 0255 0539 1420 0531 0559 1340 0526 0483 0455 1131 0267 0735 0711 1404
1409 0556 0540 0724 0545 0548 1405 0552 0524 1341 0484 1132 0529 0712 0268 0240
0559 0531 0546 0475 0551 1396 1424 1408 0530 0459 0558 0487 1135 0271 0243 0715
1414 0561 0477 0548 0550 0545 1426 0489 1415 1137 1589 0273 0560 0245 0534 0717
1419 0566 0558 0482 0553 0734 1431 1423 0570 0546 1349 1420 0470 0494 1142 1418
1420 0559 0483 0267 0735 1432 1408 1424 0571 1419 1350 0566 1595 1143 0255 0279
1422 0545 0569 0553 0737 0556 0558 0269 0561 1434 1418 0541 0473 0497 1423 1145
0552 0492 0276 1417 1433 0556 1357 1152 1430 1604 0553 0732 0264 0496 0569 0280
1430 0553 0569 0493 0277 0566 0745 1418 1434 1358 0481 1153 1431 1605 0265 0733
1432 0571 0566 0279 0747 1420 1436 0559 1431 0483 1155 0735 0267 0499 0570 0751
1433 0556 0496 0569 0280 0552 0484 1434 1156 0268 0560 0492 0276 0497 0688 0281
0560 0500 0284 0752 1425 1365 0488 1612 1438 1160 0561 0740 1433 0556 0501 0692
1438 0561 0501 0574 0753 0285 0569 1426 1366 0489 1439 0273 0560 0562 1434 0500
0593 0577 0641 0369 0582 0580 0585 0589 1445 1245 1447 0385 0592 0653 1450 0578
0582 0606 0590 0595 0386 0593 0654 1447 1468 1455 0578 1458 0583 0607 1515 0370
1460 0585 0609 0389 0596 0657 0593 1471 1450 1459 1518 1461 0584 0373 0608 0405
1461 0586 0390 0658 1472 1462 0611 0587 1265 1460 1519 0374 0585 0646 0406 0609
1462 0587 0611 0391 0659 0595 1452 1473 1461 0586 1266 1520 0375 0671 0647 1458
0589 0613 0397 0661 0600 1454 0593 1463 1464 1522 0588 0409 0614 0590 0673 0649
1464 0590 0614 0606 0603 0398 1476 1455 1468 0618 1465 0591 0615 1523 0382 0589
0593 0604 0606 0665 0401 0609 1479 0613 0589 1526 1468 1466 0413 0385 0616 0653
1472 0622 0611 0609 0406 0606 1483 1461 1473 0623 1471 1279 1530 0658 0418 0390
0624 0600 0616 0613 0672 1463 1485 1478 0604 0628 1281 1532 0625 0396 0660 0684
1479 0629 0613 0616 0618 0413 1490 0625 1478 1537 1285 0401 0425 0628 0606 0630
1482 0633 0609 0681 0417 0620 0622 1471 1494 1541 1483 1481 0608 0429 0632 0669
1487 0614 0630 0627 0625 0686 1476 0618 0615 1486 1293 1546 0613 0674 0631 0629
1498 0649 0641 0697 0757 0577 0437 0638 0636 1510 0653 1617 0769 0709 1499 1308
1503 0654 0638 0762 0643 0702 0641 0442 0582 0646 1515 1499 1504 1622 0774 0714
1505 0656 0704 0584 0444 0645 0640 1517 1564 0716 1449 1315 0657 0596 1501 0652
1511 0638 0654 0770 0710 0649 0454 0590 1499 1523 1515 0666 1630 1570 0639 0698
0639 0663 0711 0771 0455 0591 1524 1500 1516 0667 0643 1511 1571 1631 0699 0638
1516 0643 0667 0654 0715 0775 0595 0459 0659 1504 1527 0639 0663 1515 1575 1635
1523 0674 0666 0663 0722 0782 0470 0661 1511 1534 0654 1524 1642 0770 0710 0675
1530 0658 0682 0671 0730 0669 0666 1542 1519 1650 1531 1590 0659 0778 0802 0683
0664 0688 0672 0796 0616 0484 1548 1532 0684 0660 1596 1656 0724 0808 0784 1478
1537 0665 0689 0673 0737 0797 0681 1526 1549 0661 1597 1657 0749 0725 1538 1479
1538 0690 0666 0674 0738 0618 0682 1550 1534 0686 1598 1658 1539 0667 0786 0750
1539 0667 0675 0739 0799 0487 0619 0683 1527 1535 0687 0663 1538 1599 0666 0690
1540 0668 0692 0800 0740 0620 0681 0488 1552 1528 1660 0728 0752 0788 1481 1353
1545 0673 0689 0745 0625 0684 0493 0686 1549 1605 0733 0793 1486 1546 1358 1544
0687 0751 0690 0811 0499 0631 1539 0675 1671 1550 0739 0799 1492 0487 0619 1555
0681 0813 0753 0501 0692 0633 0694 0689 1541 1673 0801 1552 1554 1366 1494 0682
1555 0683 0694 0815 0635 0503 1675 1615 1554 0682 0743 0803 1496 1368 0491 0623
1560 0712 0696 0820 0640 0701 0512 0704 0708 1501 1680 0832 0652 1561 0713 1564
1565 0717 0645 0825 0706 0704 0517 0701 1685 0657 0837 1564 1382 0716 1561 0713
0706 0730 0658 0719 0534 0717 0714 1590 1519 1698 1579 0826 0707 0850 0731 0646
0739 0715 0723 0726 0667 0731 1599 1575 0711 0735 1527 1707 0835 0714 0738 0559
1589 0717 0849 0669 0730 0728 0725 1529 0861 0837 0681 0657 1590 1588 1414 0561
1596 0724 0732 0856 0556 0737 0740 1592 0720 1716 0664 0868 0688 1597 0749 0725
0753 0861 0681 0740 0561 0737 1589 1721 1541 0849 0873 0669 1602 1426 0752 0754
1602 0730 0754 0743 0682 0562 0738 1590 1603 1722 1542 0731 0694 0850 1427 0753
1604 0732 0684 0745 1592 1544 1724 0672 0852 1605 0552 0733 0688 0868 0749 0804
0734 0750 0866 0686 0747 0566 0745 1594 1610 0738 1546 1726 0854 0735 0674 1605
0868 0688 0749 0752 1596 1604 0732 1728 1548 0856 1433 1609 0737 0556 1612 0740
1615 0743 0754 0875 0575 0751 1603 1555 0683 0863 1440 0563 0739 0694 0815 0503
1616 0768 0760 0636 0816 0757 1676 0828 0648 1617 0769 0640 0820 0696 0576 1632
1619 0771 0763 0639 0758 1631 0775 1500 1679 0770 0762 0643 0823 0818 0699 0638
1621 0773 0757 0641 0821 0760 0762 1633 1617 0769 1681 0653 0833 1622 0774 1625
0824 0760 1636 1684 1505 0656 0836 1625 0777 0704 0584 0645 0825 0640 0820 1696
1625 0777 0645 0825 0766 1685 0837 0657 1626 0778 1621 0773 0824 0585 0826 0646
1627 0779 0647 0766 0827 0763 1639 1687 1508 1626 0659 0778 0775 0826 0707 0646
1632 0784 0760 0768 0832 0652 0773 1644 0780 1513 1692 0820 0640 0664 1633 1636
1636 0788 0836 0656 0777 1648 1696 1517 0668 0848 0824 1632 0760 0784 0716 0837
0793 0769 0661 0841 0782 0780 1653 1629 1645 0797 0773 1522 1701 0853 0649 0673
1643 0771 0795 0782 0843 0663 1655 1631 1647 0799 0775 1703 1524 1642 0770 0675
1645 0797 0773 0665 0784 0786 1633 1657 0769 0793 1526 1705 0833 0653 1646 1644
1647 0775 0799 0786 0667 0791 1635 1643 0771 0795 1707 1527 1646 0774 0835 1651
1649 0801 0777 0669 0849 0788 1661 1529 0657 0837 0861 0681 1650 1648 0778 0800
1650 0802 0778 0850 0791 0786 1638 1662 1530 1651 0658 0779 0803 0682 1649 0801
1654 0806 0782 0854 0674 0795 0793 1666 1642 1658 0786 1714 1655 1534 0686 0866
1658 0786 0858 0799 0797 0802 1646 1654 0782 0806 1718 1538 0690 0870 0846 0811
0793 0865 0806 0804 1653 1669 0797 1545 0853 0673 1664 1666 0792 0689 0808 0745
1667 0795 0811 0806 0687 1655 1671 0799 1666 0675 0855 0686 0747 0866 0627 1535
1669 0797 0689 0808 0813 1657 0793 1549 1729 1668 0796 1673 0801 0865 0806 0804
0806 0870 0690 0811 0814 1658 1666 1550 1671 0858 0799 1669 0797 1674 0802 0866
1672 0800 0872 0692 0813 0808 1660 1552 0860 1673 0801 1668 0796 0752 0873 0632
0821 0697 0757 0816 0818 1689 1681 0833 1617 0769 0709 1676 1678 0828 0830 0701
1679 0823 0699 0818 1683 0835 1678 1619 0711 0771 0830 0703 0763 0822 0758 0639
1689 0841 0833 0769 0709 0830 0828 1701 1693 0821 1629 0697 0757 0721 1690 0818
0843 0835 0771 0830 0711 1703 1679 1695 0823 1631 1690 1571 0699 0818 0723 0715
1698 0850 0826 0778 0837 0834 1686 1638 1699 0827 0706 0766 0851 0730 0825 0849
1699 0851 0827 0719 0779 0835 1687 1711 1639 1698 1579 0707 0826 0791 0731 0850
1700 0828 0852 0720 0780 0841 1712 1704 0832 0856 0768 0708 0792 0732 1701 0853
1702 0854 0830 0846 0782 0722 0843 0841 1690 1714 0858 0834 1642 1703 0770 0710
1704 0856 0832 0784 0724 0848 1716 1692 1700 0828 0852 1644 0712 0796 1705 0833
1705 0833 0841 0725 0846 0849 1693 1717 1701 0853 1645 1585 0773 0713 0797 0737
1707 0835 0843 0846 0851 1695 1719 1703 0855 1647 0775 0834 0858 0739 0715 0799
1717 0853 0797 0737 0858 0856 0861 1729 1705 1713 0865 0841 1657 1597 0749 0725
1719 0855 0739 0799 0858 0863 1731 1707 1715 0843 1718 1599 0846 0870 0811 0751
1722 0850 0802 0863 0861 0858 1734 1662 1602 1723 0875 0730 0754 0814 0851 1721
1724 0852 0868 0804 0865 1712 1728 0856 1664 1604 0792 0732 0853 0808 0684 0745
0855 0866 0747 1715 1731 1667 1726 0854 0735 0795 0870 0751 0811 0806 0687 1719
1729 0865 0749 0868 0870 0873 1717 0853 1669 1609 0797 0737 1728 0858 0856 1733
1731 0811 0751 0870 0875 1719 0855 1671 0858 0739 0799 0863 0747 0866 0750 0815
1734 0754 0875 0814 0873 0870 1722 1674 0863 0802 1733 0861 0858 0694 0815 0753
0003 0895 0878 0951 1167 0883 0019 0002 0894 0075 0967 1183 0899 0950 1166 1239
0005 0885 0953 1169 0880 0882 0877 0021 0009 0901 0006 0293 0077 0004 1185 0896
0021 0913 0901 1185 0896 0898 0893 0005 0037 0025 0917 0885 0022 0020 0953 0880
0024 0884 0916 0896 0972 1188 0901 0904 0008 0040 0020 0880 0025 0312 0885 0956
0027 0919 0887 0899 0902 1191 0975 0011 0023 0883 0915 0026 0886 0918 0099 0959
0031 0923 0891 0906 0015 0047 0922 0890 0319 0103 0995 0963 1179 1767 0027 0919
0035 0895 0910 0983 1199 0915 0019 0034 0894 0323 0107 0967 1183 1771 0039 0899
0036 0924 0896 0916 0984 0913 0908 0048 0020 0040 0928 0037 0996 1184 0925 1212
0050 0938 0914 1214 0925 0062 0038 0054 0918 0939 0915 0049 0338 0122 0937 0913
0939 0915 0931 1215 0999 0039 0055 0919 0943 0050 0938 0914 0123 0339 1227 0987
0053 0917 0941 0925 1217 0928 0933 0065 0041 0049 0913 0937 0054 0125 0341 0989
0054 0918 0931 1218 1002 0934 0042 0066 0050 0938 0914 0055 0943 0919 0126 0342
0944 0920 1004 1220 0933 0928 0068 0128 0344 0057 1232 1208 1016 0921 0992 1792
0066 0938 0943 0941 1014 0946 0054 0062 0931 0065 0138 1218 1002 1802 0934 0939
0069 0933 1017 1233 0946 0944 0941 0057 0068 0357 0934 1805 0065 1300 1234 1232
1021 1237 0877 0948 0950 0953 0089 0145 0072 0001 0074 0361 0893 1037 0966 1809
0076 0968 0956 1024 0880 0953 1240 0948 0092 0972 0148 0364 0004 0077 0896 1040
0082 0974 0954 0959 1030 0886 1246 0957 0962 0098 0078 0970 0083 0975 0081 0370
0980 0948 0892 1252 0968 0072 0089 0160 0376 0016 0876 1267 1236 1052 0908 1020
0089 0981 0893 0966 1037 0105 0090 0017 0377 0161 0877 0948 0909 1237 0950 1021
0953 0985 0973 0970 0968 0077 0097 0989 0957 0094 0021 0092 0165 0913 0954 0984
0992 0960 0904 1048 0977 0972 0084 0116 0172 0028 0101 0388 0961 1248 0920 1032
0962 0994 0977 1050 1265 0906 0974 0086 0118 0103 0963 0995 0101 0390 1250 0890
0103 0963 0995 1266 1051 0975 0119 0994 0962 0031 0391 0891 1251 1035 0923 1280
0114 0974 1002 0986 0991 0918 0989 1062 0994 0126 0098 0110 0970 0115 0975 1003
0122 0986 1002 0999 1282 1070 0997 0110 0126 1014 0123 1011 0987 0121 0050 0985
0125 1013 0989 0997 1000 1285 1002 0137 0113 0121 0985 1009 0126 0197 0413 0053
0129 1017 0993 1004 1006 0933 1077 0117 0128 0057 0130 0417 0201 0921 1300 0992
1014 1011 0938 1009 1082 1293 0122 0138 1002 0999 0062 0133 0206 1282 0997 1070
0142 1006 1019 1301 0946 1017 1014 0130 0143 1007 0214 0934 1871 0138 1002 0947
0147 1039 1022 1095 1306 0951 0146 0219 1038 1111 0075 0967 0151 1043 1305 0950
1308 1026 1024 0953 1021 0165 0153 1045 1113 0077 0148 0437 0150 1040 1042 1878
0151 1043 1031 1026 1310 0955 0167 0155 0150 0223 1115 1042 0079 1324 0971 1880
0153 1045 1101 1028 0957 1312 1030 1033 0169 0225 0081 0154 0441 1326 1046 0973
0158 1050 1035 1317 0962 1033 1030 0230 0159 1122 1051 0086 0446 1331 1049 1887
0160 1020 1052 1108 1319 1037 1040 0176 0232 1092 0161 0448 1303 0948 0980 1053
0165 1045 1113 1040 1042 1037 0181 0169 1061 1129 0164 0166 0453 1056 1308 0953
1060 1028 1040 0972 1325 1045 1048 0164 1024 1056 0240 1132 0169 0956 1311 0988
0171 1063 1031 1043 1119 1046 1328 0975 1051 0155 0187 0167 1059 0243 1030 1062
1039 1054 1127 0983 1059 1111 1038 0467 0107 0967 1907 1043 1071 1126 1404 1335
0181 1069 1061 1129 1058 1056 1338 0985 1053 0193 0165 0185 1045 0253 1113 1141
1076 1048 1136 0992 1065 1060 0172 0200 0260 1120 1148 0189 0476 0116 1329 1077
0197 1085 1061 1069 1145 1074 1072 1077 0209 0185 0193 1081 0269 1157 1133 0198
1063 1087 1071 1147 1074 1352 1003 1079 0187 1083 1059 0271 0198 1159 1086 1062
0202 1066 1150 1079 1355 1006 1077 1074 0214 0190 0274 1162 1067 1138 0130 0201
0204 1068 1152 1081 1008 1357 1072 0276 1140 0132 0492 0205 1348 1069 0996 1930
1072 1156 1012 1085 1088 0204 1068 0280 1144 0209 0136 0496 1000 1934 1076 1152
0213 1077 1366 1017 1088 1085 0201 0285 0501 0214 1076 1354 0209 1160 1162 1438
0214 1162 1367 1086 0202 0215 0286 1079 1150 0213 0142 0502 1355 1006 1077 1940
0215 1079 1163 1019 1368 1087 0214 0287 0143 0503 1356 1007 1162 1367 1440 1086
0217 1109 1021 1092 0145 1037 0216 0505 1108 1386 1110 1943 1113 1304 1020 1022
1110 1022 1095 1371 1098 0234 0146 0219 1111 1038 0217 1387 1109 1944 0222 1114
1113 1101 1096 1098 0225 0220 0222 1390 1112 1114 0217 1109 1378 1308 1026 1024
0223 1115 1098 1376 1095 1119 0151 0222 1114 1043 0219 1111 1031 1380 1026 1310
0224 1096 1028 1101 1104 0240 0220 1112 0225 0512 1950 0228 1120 1024 1373 1311
1118 1098 1030 1379 1101 0242 0222 1114 0154 1046 1119 0225 0514 1395 1952 0230
1119 1031 1380 1107 0243 0223 1115 0155 1118 0515 1396 1953 1098 1376 1030 1314
0229 1121 1033 1104 1382 1101 0245 1049 0228 0517 0230 1120 1122 1955 0225 1032
0230 1122 1107 1383 0158 1050 0229 1121 1956 1118 1035 1384 1317 1033 1382 1030
0240 1132 1112 1120 0224 0236 1096 1028 1060 0241 1101 1409 1133 0244 1104 1136
0241 1101 1133 1113 1045 1118 1394 1121 0225 1129 0169 1061 0240 0242 0529 1378
1139 1107 1122 1051 1400 1119 1138 1067 1035 1384 1416 1973 0243 1135 1050 1332
0248 1108 1052 1401 1125 0232 0176 0249 0536 1109 1974 1140 1112 1333 1053 1402
1140 1112 1132 1056 1129 1405 0264 0236 1144 0180 1040 1068 0253 0540 1389 1113
0258 1118 1146 1130 1062 1135 1133 1138 0242 1142 1114 0186 1119 1046 1074 1147
0273 1137 1077 1426 1150 1148 1145 0285 0201 1065 0561 0274 1414 1160 1438 1162
0275 1139 1163 1150 1079 1428 1147 0287 0274 1162 1067 1138 0563 1440 1416 0271
0285 1162 1438 1160 1157 0273 0213 1077 0284 0286 1148 1426 1150 2011 0281 1145
0297 1189 1169 1172 1245 0885 1761 0293 1185 0369 0009 0901 1188 1260 0301 1193
1170 1175 1246 0886 0294 1186 1742 0299 1191 1747 0010 0370 0297 0902 1189 0302
0301 1193 1749 1249 0889 1176 0317 0373 0302 0300 0013 0905 1194 1750 1821 0297
0302 1194 1750 1179 0890 1250 0303 1751 0301 0374 0906 1265 1193 1749 1822 0891
1186 1191 1189 0902 1194 0330 0310 1170 1202 1758 1175 0386 0026 1246 0886 1205
0316 1208 1176 1764 1193 0904 1188 0300 0388 0028 0317 1248 0888 1209 1277 0920
0319 1179 1767 1194 1266 1191 0303 0335 1751 0391 0031 0891 1251 1280 0923 1837
1184 1212 1772 1201 1196 0308 0336 0328 1188 0036 0396 0325 0924 1281 1256 0896
0328 1188 0916 1275 1205 1208 0312 1184 1212 1772 0040 0400 0329 1259 1284 0928
0330 1218 1202 0918 1205 0342 1790 0326 1214 1186 1774 1191 1219 0042 0329 1189
1219 1191 1203 1276 0919 1791 0327 1215 1187 0330 1218 0403 1262 0931 1846 0335
0334 1194 1782 0922 1279 1209 0346 1794 0335 1223 0406 0046 0333 1193 1265 0934
0335 1223 0923 1280 0319 1767 1795 0334 1194 1782 0047 1266 1290 0935 1850 1191
0337 1225 1201 1785 1217 1212 0925 1214 0325 0349 1773 1797 0341 1205 1789 0409
1212 0928 1284 1217 1220 0352 0328 0336 1224 0412 0341 1295 0940 1205 0916 1275
0345 1233 1209 1220 0933 1217 0333 0357 1781 1805 0417 0346 0057 0344 0921 1300
0346 1234 1794 1223 0934 1218 0334 1782 1806 1235 1795 0418 0058 0345 0946 1301
0350 1214 1227 0938 1293 1225 0338 1786 1218 1802 1215 1799 0062 0349 1282 1797
0352 1224 1295 0940 1232 0348 1212 1796 0064 0424 1284 0928 1217 1865 0356 1220
1217 1225 0941 1296 1233 0341 1789 0349 1797 0425 0065 0352 1285 1218 1802 1866
1218 1802 1297 1234 0342 1790 0350 1214 0355 1219 1803 0426 0066 1217 1867 1806
0355 1219 1803 1227 0943 1235 1791 1215 1799 1218 1802 0427 0931 0359 1223 1807
1245 1240 0953 1169 1308 1242 1237 0369 1260 0364 0293 0577 0077 0437 1185 1454
1259 1816 1240 1245 1172 1445 0956 1311 1248 0384 0364 1256 1812 0369 0440 0580
0377 1237 1825 1254 1181 1252 1320 0361 1809 0376 0305 0089 0378 0449 1165 1236
0379 1239 1827 1254 1183 0967 1258 0395 0363 1841 1811 0378 1238 1826 0091 0451
0386 1246 1257 1262 1260 1327 0974 1265 0370 0382 1242 1829 1247 1276 1833 0458
0388 1248 1277 1834 1329 1459 1259 0372 0404 0316 0596 0389 1176 0992 0960 1249
0389 1249 1835 1193 1460 0977 1265 1260 0373 0405 1821 1848 0101 0317 0390 0388
1267 1334 1197 0981 0377 1825 0105 0392 0394 0465 1252 1254 1181 1320 1905 1838
0394 1254 1198 0982 1335 0378 1826 0395 1841 0466 0106 0966 1182 1906 0398 1282
0395 1841 0983 1199 1274 0379 1827 0394 1254 0323 0467 0107 0967 1183 1907 1771
0396 1256 1281 1275 1463 0984 1337 1267 0380 1851 1828 0400 1284 1259 1845 0468
0397 1843 1201 0985 1338 0409 1852 0401 1260 1285 0325 0396 0398 0469 1281 1185
0398 1282 1257 1274 1339 0986 1202 1464 0382 1829 0399 1258 1283 1844 0326 0110
0405 1848 1471 1209 1279 1277 0993 0417 0389 1835 1858 0333 0404 0609 0117 0406
1276 1856 1283 1003 1480 1219 1352 1290 0427 0403 1846 1294 1274 1853 1297 0619
0417 1300 1858 1287 1482 1354 1285 0405 0429 1848 1870 0345 0489 0418 0129 1209
0418 1279 1301 1859 1290 1355 1483 1006 0406 1871 1849 0419 1280 0622 0346 0417
0421 1862 1296 1225 1293 1486 1291 1009 1358 0409 1852 0425 1285 1866 0349 0625
0427 1294 1297 1492 1015 1856 1283 1864 0426 1867 0631 0499 0355 1219 1480 1003
0428 1287 1869 1232 1493 1300 1365 1016 1295 1857 0632 0140 0500 0356 0429 1220
0431 1290 1301 1235 1019 1368 1496 0419 1871 0359 0143 0503 0635 1007 1223 1484
1311 1373 1240 1024 1308 1303 0452 1893 0440 1325 1881 0508 1389 1946 0636 0364
0438 1879 1313 1310 1375 1308 1499 1026 1242 1305 0454 1895 0442 1327 1883 0510
1886 1382 1317 1033 1249 1315 1312 1901 0517 1955 0373 0444 0446 0645 1329 1518
1335 1305 1387 1320 1038 1254 0434 0466 1875 1906 0522 0451 1306 1371 1403 1892
0451 1306 1892 1388 1039 1324 0467 1907 0523 1305 1372 1335 1404 1961 0379 1239
0452 1337 1893 1325 1389 1040 1256 1319 0468 1908 1341 1311 1897 0524 1373 1405
1901 1049 1329 1518 1331 1326 0477 1886 1917 1382 1414 1971 0389 0657 1315 1249
0467 1907 1335 1404 1340 0451 1892 0539 0466 1388 1906 1977 0395 1039 1841 1324
0475 1352 1328 1340 1063 1276 1527 1347 0487 0459 1925 1899 1350 1324 0474 1327
0476 1353 1329 1916 1277 1528 1341 0488 1900 1926 0548 1425 1986 0477 0404 0668
0477 1354 1917 1414 1346 1065 1529 1342 0489 1901 1927 1426 1987 0405 0476 0669
0484 1341 1923 1348 1072 1284 1353 0496 1934 1357 1337 0556 1409 1433 1994 0412
0494 1349 1932 1363 1431 1358 1082 1546 1293 0482 1936 0566 1350 1419 1933 2004
1350 1933 1432 1083 1294 0483 1922 0499 1352 1937 0494 1349 1420 1932 2005 0687
0496 1934 1357 1433 1295 1548 1365 0484 1923 0492 1348 1930 2006 0424 0497 0688
0497 1935 1358 1434 1296 1549 1085 1363 1366 0493 1931 0569 1422 2007 0425 0496
0499 1352 1937 1436 1363 1087 1368 0487 1925 1350 1933 0571 1424 1936 2009 0427
0505 1386 1943 1304 1369 1371 1959 1320 1874 0217 0504 1109 1387 1944 1942 1390
1390 1378 1308 1373 1375 0525 0513 1394 1951 0437 1878 0510 0697 0508 1113 1389
0512 1950 1373 1311 1560 1378 1381 0508 1389 1946 0440 1325 1881 0513 0224 1394
0520 1401 1369 1958 1319 1386 1108 1389 0504 0536 1942 1974 0448 1303 1333 1889
0526 1375 1395 1114 1570 1390 1387 0510 1948 1980 0530 1379 1968 0454 1408 1376
1376 1408 1396 1324 1571 1115 1388 1981 0531 1380 1969 0455 0526 1375 1340 1310
1409 1389 1325 1394 0512 1982 1950 0524 1405 1373 1962 1311 1341 1897 0240 0712
1381 1970 1329 1576 1120 0548 0516 1954 1986 1315 1900 0244 0716 1382 1104 1564
1414 1382 1971 1121 1394 0517 1955 1987 1901 0717 0245 0534 1137 1383 1565 1381
0534 1383 1415 1972 1400 1331 1122 1395 0550 1956 1988 1384 1317 1416 1346 1973
1419 1980 1339 1408 1130 1406 1403 0526 0546 1423 1395 1984 0470 1420 1349 1910
0545 1422 1394 1983 1406 1342 1409 1133 1585 1414 0529 1995 0541 1418 1390 1979
0546 1423 1395 1984 1415 0530 0558 1968 1996 1419 1980 0474 1396 1327 1424 1985
1424 1396 1985 1408 1135 1416 0531 0559 1969 1997 1420 1981 0546 0475 1395 1423
0548 1425 1986 1414 1136 1588 1409 0560 1970 1998 0476 1353 1329 1916 0260 0728
0556 1409 1433 1994 1417 1596 1144 1422 1425 1982 2006 0552 1405 1990 0484 1341
1417 2002 1433 1357 1604 1152 1430 0552 1990 2006 0492 1348 1930 0276 1140 1592
0570 1423 2008 1431 1436 1363 1434 1158 1610 1439 0558 1996 0566 1419 2004 0571
1425 2010 1365 1612 1160 1438 1433 0560 1998 0500 1353 1938 0752 0284 1148 1426
0577 1454 2015 1498 1441 1443 0589 2027 2019 0576 0578 1510 1455 2073 2016 2014
2019 1445 1245 1447 1450 0593 0577 1454 2015 0369 0641 0580 0582 1260 1514 1457
0583 1458 2021 1444 1447 1247 1504 1452 0595 2032 0579 1456 2017 0582 0643 0371
0586 1461 1452 1450 1250 1507 1447 2035 0587 1462 0374 0646 0585 1265 1519 1460
0588 1463 1441 2026 1457 1256 1454 0600 0576 2014 2037 0592 1445 1466 0380 0589
1479 2042 1526 1466 1468 1471 0593 2054 1454 2038 0401 0604 0606 0665 1478 1285
1485 1463 2049 1478 1281 1532 0600 0624 2037 2060 0616 1466 1489 2053 0613 0672
0613 1486 2050 1479 1476 0625 2061 2038 1490 2054 0409 0673 0614 1463 1487 1464
0627 1477 2063 1492 1487 1294 0615 2052 0631 1480 2067 1476 2062 0687 1283 1535
0630 1487 1492 1297 1550 1490 1495 0618 1476 2062 0631 1480 2067 0426 0690 0629
0636 2072 1501 1616 1498 1441 0648 2084 0640 1513 2076 0696 1568 2130 0576 1510
0641 1514 2077 1498 1621 1561 1501 1312 1503 0653 1510 2073 0701 1633 1573 2135
0645 1518 2081 1625 1565 1505 1450 1507 0657 2139 2199 0585 0646 1517 1519 1460
0648 1521 2084 1513 1568 1510 0636 0660 2072 0652 1501 2088 0708 0768 1616 2142
1500 1524 1516 1631 1571 1511 1324 1456 0639 0663 2098 2075 1527 1504 2091 0711
0664 1513 2099 1521 1644 1341 1466 1526 1528 0652 2110 2088 0660 1532 0784 0724
0673 1522 1545 2107 1537 1593 1653 1534 1532 0661 2119 1526 1549 0733 0793 1581
1548 2110 1532 1596 1656 1478 1537 1540 0664 0688 2122 2099 0672 1521 1544 2106
0683 1531 1555 2117 1663 1603 1542 1484 1356 1539 0671 2105 2129 0682 0743 0803
0687 1535 2121 1546 1667 0675 2109 1539 2125 0686 0747 1655 1595 1534 2241 2181
1539 2125 1671 1550 1492 1555 0687 1535 2121 0811 0690 0751 1538 1599 2245 2185
1541 2127 1673 1494 1552 1554 1366 1549 0681 2115 0753 0813 1661 2187 2247 0692
0696 1568 2130 1560 1676 1373 0708 2142 2134 0636 0816 2250 2072 0697 0508 1389
0697 2131 1561 1498 1558 0709 2143 0701 1573 2135 1510 1689 2251 2073 0696 0698
0699 1571 2133 1563 1679 1558 1500 1376 0711 2145 0703 1575 2137 0639 0698 1570
0702 1574 2136 1558 1563 1682 1503 1561 1379 0714 2148 0698 1570 0822 0703 1515
0706 2140 1686 1507 1383 1565 2152 0707 0646 0826 1519 1698 1579 2260 2082 2141
0707 1579 2141 1687 1508 1384 1563 0719 0827 0706 0647 1520 1699 2261 2140 0519
0709 1581 2143 1573 1510 1689 1570 1390 1568 0721 0697 2131 0713 1585 1561 2147
0712 1560 2146 1568 1692 1513 1573 1576 0724 2158 2134 0708 2142 0652 0832 1501
0717 1589 1565 1518 1576 1573 2139 0657 0837 1685 1529 2271 0716 1382 1564 1414
1590 2152 1579 1519 1698 1574 0730 0706 2140 0719 0658 1686 1507 1591 1530 2094
0720 1568 1592 2154 1700 1521 1405 1581 0708 0732 2142 0724 1596 2158 0660 1712
0722 1594 1570 2156 1523 1702 1581 0734 0710 2168 0726 1574 1598 2160 0723 1511
0723 1595 1571 2157 1703 1524 1408 0711 0735 2145 2169 1599 1575 2161 0843 0722
0724 1596 2158 1704 1585 1409 1588 0712 2170 2146 0720 1568 1592 2154 0664 1716
0726 1598 1574 2160 1585 1590 0738 0714 2148 2172 0722 1570 1594 2156 0846 0666
1599 1575 2161 1527 1707 1591 0739 0715 2149 2173 0723 1595 1571 2157 0726 0667
0740 1588 1612 1720 1540 1425 1596 0752 0728 2162 0860 1528 1552 1708 2294 0560
1589 1541 1721 1602 1426 1597 0753 2187 0861 0681 1529 1733 2115 2295 0740 0561
1594 2180 1610 1546 1726 1431 1605 0734 2168 0750 1598 2184 0747 0686 0866 1595
0747 1595 2181 1432 0735 2169 0751 1599 2185 0687 1535 1715 1594 2180 2301 2121
1596 2182 1604 1728 1548 1433 1609 1612 2170 1592 0868 0688 1716 2122 2302 0749
0751 1599 2185 1731 1610 1436 1615 0739 2173 0747 1595 2181 0750 1719 1598 1539
0753 2187 1733 1612 1438 1609 0873 1721 1541 2127 0752 0754 1602 1426 2188 2011
0754 1602 2188 1734 1554 1615 1439 1610 0694 1542 1603 1722 2128 2189 0753 0574
0758 1630 2192 1622 1619 1678 1499 1617 0770 2204 0762 1634 2196 0638 0818 1631
0760 1632 1616 1680 1501 1621 0640 0820 1692 1513 2076 1633 2195 1636 2198 1676
0763 1635 2197 1619 1504 1622 1683 1627 0775 2209 1631 2193 0762 0823 0643 1695
1636 2198 1505 1684 1625 0824 1696 1517 2080 2258 2199 0760 1632 1564 1685 1449
0768 1616 2202 1632 1629 0780 2214 1644 0648 0828 1676 1521 1700 2262 2084 0769
0777 1625 1649 2211 1518 1636 1638 1633 2223 2199 0657 0837 1529 1685 2271 0778
0780 1652 2214 1644 1700 1521 0768 0792 2202 2226 0784 1632 1656 2218 0660 1532
1653 1629 2215 1645 1522 1701 1642 0793 0769 2203 2227 1657 1633 0841 0661 1689
0799 1671 1647 1655 1719 1658 1539 1663 0811 2221 2245 0795 1667 1643 2229 1527
1653 2239 1669 1545 1664 1666 0793 2227 1657 0865 1713 2119 2299 0806 0804 1654
1658 2244 1666 1671 1550 1669 1674 2232 0806 1654 2240 0690 0870 0811 1718 1538
1689 2251 1681 1617 1676 1678 2263 0821 1693 2255 0757 0697 1629 2131 2191 0818
0828 1676 1700 2262 1692 1568 1689 0816 2250 0832 1704 1680 2266 0708 0768 1616
1703 1679 2265 1695 1690 1631 1571 0843 2253 2277 0835 1707 1683 2269 0830 0711
0834 1682 1690 1695 1634 1574 1693 1698 0846 0822 0830 1702 1678 2264 0774 0714
0837 1685 2271 1698 1696 1693 0825 0849 2259 2283 0717 0777 1625 1649 1589 1565
0846 1718 1702 1646 1707 1705 0858 0834 1714 1690 2276 0726 0786 1695 1634 1574
0849 1721 2283 1649 1589 1708 1705 0837 0861 2271 2295 1661 2223 0848 0850 1720
0850 1698 1722 1650 1590 1711 2296 0851 0730 1662 1699 1723 1602 1638 2285 2224
0865 1713 2299 1729 1605 1726 1724 0853 1717 0745 1593 1653 2239 2179 0866 1712
1715 2301 1731 1726 1667 0855 2289 1719 2305 0866 0747 1595 1714 1655 2300 2241
0870 1718 2304 1726 1610 1731 1729 1734 0858 0866 1714 2300 0750 1719 1658 1598
0872 1720 2306 1672 1612 1733 1728 0860 2294 0752 1660 2246 0873 1721 0868 1716
0875 1723 2309 1675 1734 1615 1731 0863 0815 1663 1722 1603 2249 2189 1719 2305
1164 1737 1808 2310 1180 1753 1824 0876 1236 1165 1168 1809 1812 2311 1181 1252
1754 1166 1737 1810 1742 2312 1182 1755 1167 1826 1753 1238 0878 1165 1758 1170
1755 1167 1811 2313 1183 1754 1166 1827 1239 1759 1171 1810 1742 2312 1182 2369
1168 1812 2314 1184 1172 1757 1828 1240 0880 1169 1164 1816 2014 1808 1737 2318
1757 1169 1742 1737 1185 1761 1758 1168 1170 1753 1165 1812 2015 1809 1189 2314
1759 1171 1747 1742 2317 1187 1175 1758 1170 1243 0883 1755 1167 1819 2017 1811
1172 1816 2318 1188 1168 1761 0884 1764 1176 1812 1749 2314 1184 2373 1189 1259
1761 1749 1189 1757 1169 1172 0885 1245 1742 1816 2019 1821 1750 1185 2374 2320
1742 1747 1750 2320 1758 1170 1175 1761 0886 1246 1819 1751 1749 1822 1186 2321
1764 1176 1749 2322 1834 1248 0888 1172 1821 2022 1816 1193 0904 2318 1188 0300
2310 1768 1180 1753 1824 2326 1164 1196 1838 1737 2311 1808 1769 1181 1252 0892
1772 2314 1184 1757 1828 1168 2318 1188 1812 1773 0896 1256 1185 1768 2310 1180
2318 1188 1761 1764 2334 1172 2314 1772 1184 1816 2373 1845 1777 1189 1259 2322
2320 1758 1761 2336 1742 1774 1186 1747 2321 1191 2375 1777 0902 1189 2324 1750
2321 1747 1191 1759 1833 1767 2337 1175 2317 1187 2320 1819 1846 1262 1751 1758
1781 1749 1193 1835 1764 1761 2339 1209 2322 1821 2378 1782 2324 1848 1750 0905
2324 1750 1782 1194 1767 1836 2340 1751 1822 1749 1781 1849 2379 1193 1265 0906
1754 2328 1198 1771 1769 1774 2312 1182 1755 2329 1199 2327 1826 1753 0910 1197
1759 1787 1203 1774 1844 1771 2345 2317 1215 1187 1791 2337 1786 1758 1202 2388
2334 1772 1777 1845 2318 2346 1188 1761 2335 1789 1854 2389 1205 0916 1275 1792
2336 1790 1774 1777 1782 2320 2348 1218 1786 1758 1202 2337 1791 1761 2335 1789
2337 1791 1846 2321 2349 1219 1191 1759 1787 1203 1790 2336 1833 1856 2391 1276
1792 1764 2338 1208 1781 2322 1220 2339 1857 1834 1277 0920 1209 2334 1848 1845
1795 2341 1767 1782 1850 1223 1794 2340 2395 1837 1280 0923 2337 1791 1849 2048
1772 1796 1212 1785 1851 2354 1224 2346 2343 2396 1797 1773 1281 0924 1768 1854
2346 1789 1854 1792 2334 1796 1772 1212 1865 1845 1777 1284 1217 0928 1220 1785
1805 2351 1781 1792 1858 1794 1789 2363 2339 1209 1233 1848 1870 1806 2352 2405
2356 1786 1802 1799 1863 1797 1214 1790 1787 2357 1227 1785 2355 2410 1293 0938
1796 1865 2346 2354 1224 1854 2412 1789 0940 1295 1792 2362 1232 1797 1866 1805
1789 1797 1866 1802 1805 1217 2355 1785 1225 2413 1855 1790 0941 1296 2363 1233
1792 2362 1232 1869 1805 1220 1857 2416 2363 0944 1233 2068 1870 1865 2351 1287
1878 2015 1812 1809 2371 1245 1894 1828 1829 2027 1757 1240 0953 1242 1169 1308
1829 1242 2016 1742 1879 1810 1257 1246 1243 2028 1895 1758 1170 1443 0954 1826
1243 1819 1880 2017 1811 1258 1833 1247 1829 1242 1759 1896 1171 0955 1310 1444
1245 1816 2019 1821 2374 1260 1761 0957 1246 1312 1835 1249 1812 2015 1878 1881
1246 1819 1883 1822 2375 1829 1242 1833 1247 1245 1313 1447 1836 1250 1879 2016
1834 1248 2022 1821 1816 1900 2033 1764 1835 0960 1249 1449 1176 1315 1886 1749
1844 1258 1833 1829 1896 1759 1827 2388 1243 1274 1819 1846 1262 1257 2317 1880
2373 1845 1816 1259 1828 1897 1834 2389 1275 1812 1256 2374 2318 2530 2426 1881
2375 1829 1833 1836 1246 1257 1846 1819 1262 2374 2320 1883 2532 2043 1914 0974
1825 2382 1905 1838 1769 1843 2367 1824 1826 1753 2381 2327 2434 1890 0981 1267
1826 1841 1906 2368 1254 2384 1827 1825 1754 2382 2328 2435 1335 1198 0982 1829
1828 2385 1851 1845 1908 1772 2037 1843 1838 2396 1256 1281 1854 2389 1275 2386
1834 1857 1277 1848 1916 1845 1287 2444 1792 2338 2056 2033 1764 1835 1900 2393
1850 1290 1859 1795 2059 1856 2395 1280 2406 1871 1849 2071 1807 1919 2457 2048
1851 1291 1865 2060 1862 1930 1796 2396 1281 1854 2412 1295 2354 2409 2049 1852
1856 1864 1867 1803 1937 2067 2403 1853 1294 1297 1791 2361 1925 2465 2055 1015
1871 2071 1807 1290 1859 1301 2365 2469 1795 2059 2571 1019 1235 1496 1368 1856
1892 1306 1875 1945 1811 1880 2423 1961 1372 1305 1827 1239 1896 1310 1944 1810
1893 1881 1946 1878 2072 1812 1873 2424 1897 1311 1962 1373 1828 1894 2084 1240
1312 1878 1951 1881 1883 2077 1886 2427 1326 1894 1308 1378 1897 1311 1313 1245
1900 1315 1954 1886 2080 1881 2429 1329 1970 1381 1901 1834 2092 1248 1505 1032
2422 1875 1906 1892 1890 1826 1895 2435 1305 1335 2423 1944 1976 1907 1387 1810
1883 1914 1327 1895 1899 1968 2090 1902 1313 1910 1879 2428 1952 1884 2480 1984
2433 1889 1333 1974 1838 1905 1908 1319 1958 2486 1401 2381 2434 1890 1824 1052
1894 1338 1913 1979 1908 1843 1910 1905 2449 1342 2491 1406 1852 2437 2439 2386
1922 1896 2440 1340 1981 1910 1844 2098 1907 2450 1324 1350 1925 1899 2443 2493
1923 1897 1341 1908 1982 1913 2099 1845 1916 2451 2426 1325 1893 2437 1337 2494
1899 2443 1925 1914 1985 2101 1846 1919 2428 1328 1352 1922 2440 1896 1340 1969
2448 1930 1908 1348 1923 1990 2106 1851 2437 1337 1357 2451 1934 2502 2002 1978
1931 2449 1852 2107 2459 1338 1358 1913 1935 2003 1979 1418 1843 1862 1930 2397
1919 2457 1356 1928 2117 1925 2469 2447 1368 1347 2456 2513 1989 1940 2013 1918
1927 2467 1366 2011 1870 2127 1938 1940 1935 2455 1354 1999 1438 2466 2115 1926
2469 1368 1940 2013 2129 1937 2457 1356 2468 1928 1367 1440 2615 2117 1555 1925
1951 1878 2131 1948 1946 1943 1390 1378 1894 1308 1962 2143 1375 1373 1959 1950
1376 1953 1948 1880 2133 1945 1969 1380 1896 1310 1375 2145 1961 1372 1884 1952
1976 1944 1387 1961 1959 2488 1371 1403 1875 1945 1906 1977 2422 1388 1943 2471
1979 1390 1894 1962 2143 1959 2491 1406 2479 1983 1951 1394 1878 1946 2474 1978
1948 1980 2476 1968 1895 2492 1375 1984 1952 2480 1395 1981 1879 1910 2156 1979
1981 1969 1896 2145 1961 2493 1408 1376 1985 1953 2481 1396 1980 1948 2476 1880
2478 1950 1982 1962 1897 2146 1970 2494 1409 2474 1946 1978 1389 2426 1881 1325
1951 1983 2479 1394 2147 1968 1971 2495 1378 1979 1390 1913 2427 1326 2478 2135
1979 2003 1418 1995 1990 2491 1430 1406 1983 2507 2007 1422 2449 1931 2502 1978
2504 2004 1980 1419 1996 1993 2168 2492 2516 1431 1984 2508 2008 1423 2005 1910
1989 2013 2513 1428 2000 2177 1997 1440 1416 2512 1919 2457 1988 1427 1356 2165
2000 2524 1439 2013 1940 2188 2011 2008 2512 1427 1928 2468 1367 1440 2662 1999
1445 2014 2019 2076 1816 2022 2530 1457 2026 1441 2088 1501 2033 1449 2015 1812
1447 2016 2021 2019 2078 2532 2028 1443 2032 2090 1246 1503 2035 2017 2074 2015
2034 1450 1821 2022 2081 2019 2535 1460 1835 2033 2035 1249 1449 2199 1749 1822
2035 2082 1822 2536 1461 2036 1452 2034 2094 1836 1450 1250 1507 1447 2200 1823
2036 1452 1823 2021 2537 1462 2035 1837 1251 1508 2032 1822 2201 2082 1751 1888
2017 2040 1456 2032 2028 2540 1444 1465 2021 2533 2044 1458 2016 2039 1455 2075
2530 2041 1457 2026 2088 2033 2541 1445 1466 2014 2526 2037 1816 2373 2076 2019
2019 2042 2027 2034 2038 2015 1454 2374 2100 2530 2041 2077 2577 2532 2043 1457
2056 2033 2545 1470 2102 2046 2041 2556 2534 1481 1459 1857 2034 2092 2057 1834
2053 1489 2060 1865 2122 2065 2068 1478 2049 2560 1485 2412 2565 2110 2054 1854
2062 2067 2065 1867 2070 2554 2051 2562 1487 2055 1492 2565 2054 2610 1550 1297
2057 1494 1870 2127 2068 2070 2065 2557 1482 2056 2058 2568 2570 1858 2613 2115
1508 2201 2082 2141 1888 2079 1520 2094 1627 1507 1903 2036 1318 1452 2091 1504
2075 2098 2575 2091 2145 2205 2086 1896 1500 1524 2079 2101 1516 2074 2133 2193
2577 2100 2077 1514 2085 2147 2207 2088 2090 1526 2073 2573 1510 2195 2135 2159
2103 2581 2081 1518 2211 1901 2034 2092 2094 2591 1529 2139 2199 2625 2673 2223
2105 1520 2094 2036 1903 2091 1508 1531 2082 2141 2165 2201 2582 2675 1579 1519
2584 2106 2084 1521 2099 2154 2214 1908 2037 2572 1532 2110 2088 2142 2202 2628
2107 2085 2585 1522 2100 2215 2038 2573 2595 1510 1526 2143 2203 2227 2629 1581
2116 2094 1530 2105 2224 2047 1918 2103 2582 2602 1519 1542 2152 2212 2638 2117
2100 1537 2107 2171 2231 2110 2054 2115 2609 1549 1526 2119 2595 2183 2693 2159
1538 2108 2232 2172 1924 2116 2610 1550 1534 2244 2220 2599 2125 2101 2184 2160
2101 2125 2599 1539 2109 2173 1925 2055 2117 2611 2589 1527 2121 2597 2098 1535
2600 2102 2126 1540 2115 1926 2056 2110 2612 2590 1552 1528 2162 2246 2648 2696
2606 2108 1546 2180 2240 2121 1932 2062 2119 1534 2610 1550 2168 2109 2654 2607
2609 1549 2119 2183 1935 2122 2065 2127 1537 2107 2605 1545 2171 2231 2657 1609
2610 1550 2125 2184 2244 1936 2128 1538 2108 2606 1546 2232 2611 2172 2658 1610
1558 2136 2074 2133 2252 2131 1948 1570 2148 2145 2086 2264 1499 1678 2143 1375
2150 1564 2258 2080 2139 1954 2134 1576 2270 2092 1684 1505 1970 1381 1565 2146
2156 1570 2148 2145 2264 2086 2143 2630 1558 2160 2136 2622 1574 2252 2074 2714
2139 2625 2271 1971 2150 2152 2147 1565 1589 2721 2103 2081 2259 2581 2283 1518
2141 2165 1579 2152 2273 1973 2149 1591 2723 2105 2261 2626 2140 2285 1699 1520
2143 2629 1581 2159 1979 2156 2154 2641 2617 1593 2147 2633 2171 1585 2085 2263
1589 2283 2103 2162 1987 2159 2649 2625 2115 2295 2733 2591 2271 1529 2499 2150
2638 2152 1590 2165 1988 2160 2626 2650 1602 2094 2296 2177 2116 2734 1591 1530
2640 2154 1592 2170 2286 2106 1990 2652 2628 1604 2158 2182 1596 2298 2118 2736
2641 2179 1593 2171 2107 2168 2629 2653 1581 1605 2159 2183 1597 2299 2595 2119
2648 2162 2294 1998 2170 2660 1588 1612 2126 2306 2600 2282 2102 1540 1720 2510
2187 2649 2115 2295 1999 2171 2661 1589 2283 2103 2127 2745 1721 1541 2511 1987
2188 2650 1602 2177 2116 2296 2000 2172 2662 2638 1590 2189 2128 2165 2602 1603
2652 1604 2182 2298 2118 2179 2002 2640 1592 2656 2170 2106 2286 2604 1724 1544
2660 1612 2126 2306 2187 2010 2182 2648 2612 2294 2756 1552 2522 2661 1998 2170
2202 1616 2250 2072 2191 2664 2262 2084 1676 2203 1617 2076 2195 2130 2251 2014
2076 2195 2198 1632 2202 1616 2266 2088 1680 1501 2207 1621 2250 2072 2191 2134
2218 1632 2202 2266 2088 2207 2680 1644 2214 2664 2076 2099 2278 1513 1692 2669
2198 2672 2222 1636 2270 2092 2211 2684 1648 2258 2282 2080 2102 2580 1517 1696
2675 2201 1639 2212 2273 2209 1651 1627 2200 2723 2261 2674 2105 2285 2224 1699
2207 2231 1645 2215 2100 2279 2218 2220 2223 2669 2693 1657 1633 2227 2203 2267
2237 1651 2224 2285 2105 2221 2675 2699 1639 1663 2273 2212 2117 2735 1531 1711
2240 2216 2690 1654 2232 2108 2288 2229 2227 2702 1666 1642 2694 2220 2244 1658
2692 2242 2218 1656 2226 2110 2231 2680 2704 1644 1668 2214 2238 1652 2302 2278
2221 2245 2695 2229 2232 2293 2237 2683 2707 1671 1647 2217 2241 2691 1655 2244
2246 2696 2222 1660 2294 2235 2684 1672 1648 2126 2306 2102 2600 2282 1540 1720
2224 2248 2698 1662 2237 2116 2296 2235 2232 2710 1674 1650 2128 2602 2699 2249
2231 1669 2239 2242 2244 2247 2693 1657 2227 2701 2753 2609 1729 1549 2232 2704
2266 1680 2250 2134 2255 2258 1692 2262 1676 2146 1560 2267 1681 2270 1684 2130
1682 2252 2136 2257 2196 2255 2260 2264 1678 2269 2148 2208 1622 1683 2267 1681
2264 2208 2269 2148 2267 1682 2714 2252 2276 1690 2136 2257 2622 2670 2196 2160
2260 2722 1698 2212 2273 2152 2271 2734 1686 2140 2200 2626 2674 2261 2723 2285
2286 2262 1700 2278 2154 2214 2736 1712 2266 2728 1704 2628 2202 2676 2142 2226
2263 1701 2279 2215 2276 2713 1689 1713 2267 2729 1705 2143 2203 2227 2629 1581
2276 2220 2281 2160 2279 1718 2726 2264 2288 1702 2148 2208 2269 2172 2731 2682
2734 2296 2224 2285 2283 2722 1698 1722 2273 2212 2152 2735 2638 1711 1590 1650
2299 1713 2227 2288 2286 2749 1701 2279 2741 1717 2239 2179 2641 2215 1593 1653
2740 2278 2302 1716 2286 2170 2294 2728 1728 1704 2298 2736 1712 2158 2242 2692
2279 2741 1717 2171 2231 2295 2729 2753 1705 1729 2299 1713 2183 2159 2693 1657
2304 1718 2288 2232 2293 2172 2296 2754 2300 2276 1714 2244 2305 2184 2281 2220
2747 2309 2285 1723 2237 2177 2296 2293 2735 1711 2189 2165 2699 2249 1722 1603
2753 1729 2299 2183 2304 2302 2741 1717 2749 2171 2231 2657 1669 1609 2754 1728
2295 2757 1733 2247 2187 2306 2745 1721 2661 2235 1673 2294 2296 2756 1734 2753
2296 1734 2188 2309 2248 2304 1722 2710 2662 1674 2295 2757 1733 2754 2128 2189
2331 1757 2314 2371 2311 1773 2335 1761 2386 1758 1753 2327 2320 2374 2318 2310
1758 2320 2317 2312 1774 1742 2336 1759 2387 1757 1829 2331 1754 2328 2321 2375
1761 2335 2318 2320 2374 1777 1757 2331 2390 2334 2336 2339 2371 2314 2375 2373
2339 2378 2324 2322 1781 1749 1764 2338 1835 2393 2340 1761 2335 2379 2535 2374
1767 2341 2324 2380 2321 1751 2340 1837 2395 2337 2379 2537 2320 1750 1782 1823
2314 1772 2334 2331 2385 2326 2318 2346 2396 1773 2343 2310 1768 2335 2389 2386
1774 2336 2387 2331 2328 1758 1786 2320 2348 2317 2345 2343 2398 1773 2312 2337
2317 2345 2337 2388 2329 1759 1787 2321 2349 1774 2399 1844 2313 1771 2336 2391
2354 2346 2343 2396 1796 1772 2334 2385 1785 1851 2331 2355 2326 2549 2397 1797
2356 1786 2348 2345 2343 2398 1774 2336 1790 2357 1787 1785 2331 2410 2387 2355
1789 2335 2343 2401 2346 2348 2351 1777 2355 1785 2331 1855 1790 2413 2334 2390
2338 1792 2362 2351 2346 2339 1857 2363 2416 2334 2405 2556 1869 1781 1805 2322
2341 1795 2365 2352 2349 1807 1794 2340 2395 2337 2361 1791 2406 2559 2348 2403
2346 2354 2412 2362 1796 1865 2355 2413 2416 2363 1854 1789 1792 2334 2396 2343
2355 2413 2363 1789 2343 1797 2401 1866 2346 2348 1802 2351 1805 2409 2354 2356
2348 1802 2356 2361 1790 2349 1803 2402 1867 2352 1806 2357 2355 2410 2413 2365
2352 1806 2365 2363 1794 1807 2351 1871 1805 2406 2348 1802 2570 2361 1795 1859
2381 1824 2367 2310 1808 1838 2326 1825 1889 2382 2433 2385 1828 2311 2314 2424
1828 2385 2373 2371 2526 2424 2314 1812 2389 1893 2026 2437 2386 2760 1824 2381
2388 2317 2369 1844 2391 1833 2387 1829 1759 1896 2763 2540 2440 2384 1827 2375
2391 1833 2375 2321 2533 2428 2380 1846 1819 2388 2337 2767 2032 1899 2443 2544
1834 2322 2429 2534 2378 2373 1900 1764 2768 2545 2393 2338 1835 2033 2444 2389
2368 2384 2328 2382 2435 2387 1826 2369 1841 2312 1906 2367 2422 2398 2329 2436
2338 2444 2545 2393 2389 1834 1857 2780 2556 2378 2322 1848 2454 2429 1916 2534
2379 2406 1849 2395 2340 2393 2547 2446 1836 1859 1850 2380 2324 1782 2405 2352
2389 2412 1854 2396 2451 2346 2401 1865 1845 2385 1851 2788 2334 2541 2462 2053
2416 1857 2556 2454 2405 1869 1792 2362 2545 2568 2338 1926 2792 2466 2444 1858
2395 2406 2559 2457 2403 1850 1859 1795 2341 2447 2571 2795 2469 2365 2548 2059
2396 2412 2409 2560 2354 1851 1865 1796 2549 2448 2796 1930 1862 2397 2060 2462
1864 2399 2410 2563 2357 2461 1853 2403 2398 1863 2345 2799 2063 1799 2551 2450
1867 2402 2410 2413 2464 1863 2398 2403 2348 2401 2802 1802 2452 1936 1866 2554
2403 2465 2361 1856 1864 2399 1867 2402 1803 2803 2349 2067 1937 2410 2461 2563
2405 1870 2363 2467 2416 2413 1858 1871 2351 2455 1805 1869 2557 2805 2406 1866
1871 2406 2468 2570 1859 1870 2558 1940 1806 2405 2806 2070 2456 2352 2402 1867
2469 2365 2571 1871 2406 1807 2807 2071 2559 2457 2403 2570 2468 2615 2465 2361
1889 2433 2424 1873 2486 1958 1890 2381 2434 1824 2437 1893 2471 2367 2474 2572
2434 1890 2471 2422 2367 1905 1874 1959 2487 2433 1825 1889 2435 2382 1894 2368
2440 1896 2428 2575 2423 1880 1899 2443 2439 2493 1895 2388 1892 2436 2481 2476
2449 2491 2437 2585 2439 2386 2434 1894 2427 1913 1979 1843 1908 2397 2424 2821
2451 2426 2437 2494 2389 2444 1897 1923 2424 2448 1908 1982 2506 2478 1845 1913
1914 2452 2439 2443 2496 2446 1924 1910 1984 2480 2428 2508 2375 2402 1913 2427
2465 2443 1925 2450 2452 2509 2403 2599 2457 1937 2461 2440 1922 1924 2464 1997
2448 1930 2462 2514 2604 2459 1934 2451 2002 2502 2396 2449 1931 2118 2844 2518
2486 1958 2471 2474 1942 1974 2433 1889 2487 1959 1962 2490 2424 2616 1873 1943
2488 2422 2471 2476 1976 1944 1961 2435 2489 1959 2487 2492 2423 1875 1945 1906
2489 1961 2423 1977 1945 2488 2436 1892 2493 2422 2476 1944 1907 1976 1981 1388
2491 2479 2617 2476 2474 2471 1979 2495 1894 1962 2490 2492 2143 2857 2629 1959
2493 2481 2476 1981 1969 2440 2492 1896 2145 2859 2489 1961 2480 2428 2623 2575
1970 2498 2429 2483 2478 1986 1954 2444 1900 1971 2864 2499 2150 2494 2580 2430
2481 2509 1985 2493 2443 2496 2635 1997 1969 1981 1984 2428 2480 2508 2161 2623
1989 2485 2513 2447 2500 1973 1919 2484 2512 1988 2457 2432 2165 2879 1985 2481
2491 2507 2449 2502 2504 2641 2003 1979 2519 2495 1995 2459 2490 1990 2653 2514
2493 1993 2509 2504 2450 2005 1981 2521 1997 2440 2516 1922 2461 2492 2169 2655
2003 2519 2459 2653 2516 2514 2007 2507 2449 1931 2002 2502 2004 2893 2641 2504
2005 2521 2461 2516 2655 1993 2509 2009 1933 2504 2450 2004 2181 2465 2520 2460
2511 2011 2467 2661 2522 2524 2519 1999 2455 2010 2510 2187 2512 2649 2507 2007
2513 2013 2524 2469 2521 2512 2457 2903 2189 2009 2509 2468 2615 2662 2465 2520
2761 2027 2526 2573 2371 2773 2038 2015 2765 2026 2386 2760 2085 2762 2028 2809
2539 2028 2762 2532 2574 2016 2774 2039 2543 2540 2763 2761 1829 2810 2027 2387
2540 2763 2533 2575 2775 2017 2040 2767 2032 2544 2762 2028 2539 2388 2532 2574
2765 2530 2577 2374 2532 2535 2042 2019 2777 2027 2761 2764 2390 2543 2813 2541
2772 2526 2037 2549 2541 2385 2584 2049 2760 2784 2026 2041 2530 2396 2773 2038
2042 2777 2553 2390 2543 2541 2765 2054 2789 2773 2038 2550 2041 2374 2530 2401
2535 2557 2046 2393 2545 2547 2591 2034 2769 2057 2780 2405 2534 1848 2378 2556
2541 2053 2788 2549 2553 2598 2556 2041 2800 2560 2784 2049 1854 2389 2608 2836
2544 2791 2055 2551 2554 2403 2599 2559 2803 2044 2067 2787 2540 2563 2052 2543
2800 2560 2565 2412 2608 2568 2053 2788 2549 2796 2060 1865 2553 2801 2065 2122
2554 2802 2562 2565 2610 2570 2790 2798 2062 2803 2067 1867 2402 2850 2553 2801
2803 2067 2563 2611 2571 2791 2055 2799 2063 2551 2554 2802 2403 2125 2599 2559
2805 2557 2568 2613 2570 2565 2057 2405 2558 2070 2556 2068 2804 1870 2806 2853
2088 2812 2572 2620 2530 2577 2426 2580 2824 2076 2099 2808 2584 2084 2860 2680
2815 2091 2589 2575 2623 2578 2671 2428 2533 2101 2079 2827 2814 2911 2090 2683
2819 2675 2582 2432 2537 2831 2105 2094 2818 2915 1903 2447 2548 2036 2589 2815
2597 2098 2823 2575 2589 2586 2679 2540 2440 2109 2835 2599 2101 2827 2871 2822
2598 2099 2824 2584 2680 2632 2541 2590 2836 2812 2110 2088 2572 2820 2872 2158
2602 2582 2830 2638 2591 2446 2547 2818 2116 2842 2094 2926 2831 2105 2224 2878
2105 2831 2447 2548 2589 2819 2117 2843 2582 2165 2675 2830 2699 2879 2602 1919
2584 2106 2604 2832 2598 2640 2549 2595 2448 2118 2820 2844 2608 2836 2110 2928
2586 2606 2108 2597 2690 2595 2822 2610 2838 2109 2835 2630 2654 2882 2702 2607
2591 2613 2115 2649 2697 2455 2557 2602 2600 2853 2127 2829 2103 2661 2889 2937
2843 2117 2615 2602 2699 2457 2559 2599 2831 2129 2105 2614 2891 2116 2842 2177
2630 2622 2574 2714 2617 2476 2156 2148 2145 2086 2586 2810 2264 2859 2954 2726
2859 2145 2623 2575 2715 2157 2871 2133 2635 2149 2630 2727 2955 2265 2493 2719
2150 2864 2580 2625 2620 2876 2162 2092 2816 2270 2960 2732 2590 2865 1970 2498
2626 2723 2485 2623 2141 2165 2879 2866 2638 2735 2819 2152 2273 2963 1973 2635
2871 2157 2635 2727 2630 2493 2145 2169 2859 2647 2161 2623 2098 2156 2823 2715
2160 2874 2646 2622 2630 2635 2633 2496 2638 2148 2886 2172 2156 2970 2623 2578
2162 2876 2648 2590 2732 2498 2632 2864 2150 2888 2828 2102 2282 2580 2600 1986
2877 2649 2625 2591 2733 2499 2638 2633 2865 2889 2829 2283 2581 2973 2745 2103
2165 2879 2638 2735 2635 2891 2177 2626 2975 2831 2285 2878 2747 2650 2723 2105
2882 2630 2168 2654 2646 2504 2641 2156 2180 2172 2658 2886 2108 2655 2606 2288
2169 2655 2647 2597 2739 2871 2157 2181 2635 2173 2654 2835 2882 2289 2727 2607
2656 2170 2632 2884 2640 2598 2740 2506 2648 2896 2872 2158 2182 2628 2652 2880
2633 2657 2885 2171 2641 2741 2646 2507 2649 2183 2159 2629 2653 2753 2981 2609
2177 2891 2650 2747 2513 2647 2165 2879 2903 2189 2843 2662 2615 2117 2735 2638
2185 2899 2647 2655 2611 2658 2521 2173 2181 2599 2898 2646 2305 2184 2125 2009
2903 2189 2615 2662 2177 2891 2650 2309 2129 2902 2188 2747 2013 2513 2185 2647
2205 2907 2679 2671 2575 2715 2666 2919 2193 2217 2683 2209 2911 2955 2204 2906
2680 2664 2669 2672 2218 2920 2904 2202 2676 2812 2266 2088 2956 2728 2207 2912
2665 2215 2585 2676 2905 2227 2203 2669 2921 2693 2573 2965 2713 2821 2595 2664
2666 2690 2918 2216 2682 2726 2586 2679 2204 2906 2694 2220 2670 2714 2574 2966
2693 2669 2921 2729 2682 2680 2685 2207 2231 2933 2665 2215 2577 2969 2100 2741
2926 2674 2224 2698 2734 2685 2682 2914 2938 2212 2675 2722 2830 2699 2582 2974
2675 2699 2735 2683 2915 2237 2939 2224 2723 2285 2926 2831 2975 2674 2698 2747
2676 2226 2928 2692 2736 2238 2214 2940 2704 2932 2680 2286 2604 2976 2106 2832
2701 2227 2693 2595 2690 2941 2239 2215 2933 2231 2977 2107 2749 2833 2605 2585
2238 2940 2704 2604 2701 2226 2928 2944 2692 2242 2736 2118 2844 2298 2239 2941
2691 2241 2943 2707 2607 2702 2751 2229 2931 2695 2245 2947 2942 2690 2739 2240
2693 2945 2701 2609 2753 2704 2933 2231 2941 2239 2849 2741 2993 2242 2692 2944
2946 2244 2694 2702 2754 2707 2610 2710 2232 2690 2942 2240 2695 2947 2245 2850
2246 2948 2696 2756 2612 2704 2936 2306 2126 2852 2600 2697 2949 2247 2692 2944
2949 2247 2697 2757 2613 2710 2937 2235 2745 2853 2997 2127 2696 2950 2698 2246
2262 2616 2664 2713 2964 2250 2266 2728 2956 2904 2856 2676 2142 2202 2628 2263
2266 2956 2728 2620 2717 2278 2262 2860 2146 2680 2632 2729 2267 2270 2960 2732
2714 2622 2719 2670 2717 2722 2970 2264 2954 2726 2208 2910 2269 2959 2731 2682
2732 2270 2960 2672 2721 2258 2282 2150 2684 2864 2912 2961 2733 2271 2728 2266
2736 2964 2728 2628 2676 2262 2976 2286 2740 2278 2154 2664 2868 2214 2616 2640
2965 2713 2729 2629 2726 2953 2977 2263 2279 2741 2969 2717 2641 2617 2869 2665
2970 2726 2682 2731 2729 2734 2982 2966 2714 2276 2719 2622 2874 2160 2971 2670
2749 2977 2741 2641 2736 2989 2299 2965 2753 2729 2981 2701 2653 2629 2227 2976
2750 2978 2726 2288 2690 2739 2300 2276 2966 2982 2754 2979 2702 2289 2751 2654
2982 2754 2694 2646 2741 2970 2304 2978 2750 2288 2726 2293 2731 2983 2172 2232
2731 2293 2983 2739 2647 2695 2747 2281 2305 2971 2751 2979 2727 2289 2707 2935
2294 2756 2732 2984 2648 2696 2745 2740 2306 2282 2936 2660 2888 2684 2757 2985
2734 2296 2747 2650 2698 2745 2974 2998 2938 2662 2987 2638 2735 2710 2985 2757
2736 2298 2652 2749 2976 2286 2740 2992 2302 2940 2640 2892 2238 2299 2989 2704
2992 2302 2740 2656 2704 2753 2756 2980 2736 2298 2896 2182 2692 2944 2242 2741
2305 2751 2707 2754 2983 2293 2739 2301 2695 2245 2947 2304 2647 2899 2185 2309
2998 2662 2710 2757 2754 2296 2950 2698 2188 2747 2248 2902 2650 2309 2997 2745
2309 2747 2711 2987 2951 2699 2903 2998 2249 2189 2305 2710 2615 2662 2754 2707
2532 2778 2762 2767 2765 2814 2770 2543 2774 2533 2375 2578 2777 2536 2782 2763
2537 2783 2770 2819 2767 2548 2782 2536 2380 2831 2533 2915 2818 2815 2547 2395
2764 2788 2541 2772 2777 2824 2780 2530 2784 2760 2765 2389 2836 2812 2789 2792
2767 2791 2544 2775 2778 2827 2783 2533 2763 2787 2540 2543 2790 2589 2815 2391
2769 2780 2782 2829 2777 2557 2535 2545 2792 2768 2393 2817 2547 2591 2770 2789
2798 2774 2790 2787 2785 2539 2562 2778 2802 2554 2551 2775 2799 2773 2398 2550
2557 2805 2792 2789 2782 2405 2780 2556 2558 2804 2853 2806 2829 2553 2777 2801
2806 2558 2782 2795 2842 2790 2570 2547 2559 2783 2807 2406 2854 2602 2805 2557
2575 2823 2815 2810 2907 2859 2763 2827 2822 2919 2574 2871 2775 2911 2814 2767
2813 2837 2821 2921 2777 2824 2829 2577 2833 2585 2809 2633 2933 2885 2789 2836
2838 2814 2822 2874 2827 2778 2830 2578 2586 2810 2589 2682 2910 2815 2839 2886
2822 2838 2835 2882 2833 2606 2586 2850 2918 2823 2942 2597 2690 2595 2774 2845
2829 2853 2889 2937 2842 2840 2837 2613 2591 2697 2649 2949 2925 2877 2455 2600
2606 2850 2942 2845 2798 2610 2838 2654 2835 2882 2702 2607 2833 2460 2562 2605
2607 2835 2943 2799 2597 2611 2839 2606 2655 2931 2461 2787 2563 2850 2947 2899
2608 2836 2844 2944 2896 2849 2800 2852 2598 2604 2832 2932 2704 2656 2884 2462
2611 2839 2899 2947 2850 2803 2599 2835 2607 2610 2838 2707 2935 2465 2791 2615
2615 2843 2951 2854 2903 2807 2939 2614 2891 2842 2711 2469 2571 2795 2611 2839
2810 2859 2954 2857 2630 2622 2874 2966 2714 2871 2574 2822 2476 2617 2869 2814
2621 2857 2813 2860 2865 2633 2617 2869 2969 2577 2717 2620 2479 2874 2622 2872
2874 2622 2814 2866 2970 2623 2578 2621 2480 2626 2878 2954 2810 2859 2857 2910
2623 2859 2815 2959 2635 2871 2622 2719 2827 2971 2874 2481 2879 2955 2911 2814
2879 2819 2963 2866 2878 2975 2831 2723 2626 2485 2623 2818 2915 2962 2959 2815
2630 2882 2874 2871 2966 2822 2869 2886 2859 2810 2726 2586 2978 2954 2492 2857
2885 2633 2869 2969 2872 2874 2877 2621 2857 2629 2729 2837 2981 2813 2632 2495
2635 2871 2827 2971 2874 2879 2647 2623 2859 2731 2959 2815 2589 2983 2839 2886
2893 2641 2869 2885 2833 2977 2880 2882 2629 2653 2845 2989 2595 2821 2965 2868
2871 2835 2979 2882 2655 2899 2647 2823 2597 2739 2983 2886 2839 2931 2978 2635
2647 2899 2983 2839 2886 2891 2635 2871 2971 2599 2898 2646 2827 2874 2509 2903
2902 2878 2650 2842 2891 2889 2886 2638 2662 2903 2602 2830 2854 2998 2974 2879
2654 2882 2898 2893 2658 2886 2606 2978 2750 2655 2516 2653 2850 2899 2942 2989
2655 2899 2882 2751 2979 2607 2654 2835 2898 2943 2647 2597 2739 2871 2181 2839
2885 2657 2893 2993 2849 2896 2898 2653 2837 2609 2753 2981 2519 2656 2658 2886
2661 2889 2853 2997 2900 2902 2649 2985 2757 2613 2888 2660 2662 2885 2657 2949
2920 2904 2812 2956 2912 2680 2664 2824 2921 2669 2924 2672 2808 2905 2860 2813
2669 2921 2905 2813 2910 2913 2665 2969 2577 2717 2670 2920 2673 2925 2953 2809
2676 2928 2904 2920 2820 2964 2664 2680 2932 2584 2976 2808 2832 2905 2824 2921
2905 2921 2965 2821 2918 2665 2933 2953 2809 2585 2833 2977 2676 2928 2904 2906
2682 2910 2918 2970 2921 2926 2694 2670 2906 2911 2814 2683 2838 2935 2982 2933
2911 2683 2935 2919 2827 2971 2671 2695 2907 2679 2931 2589 2910 2815 2959 2731
2939 2915 2975 2831 2926 2699 2675 2819 2914 2987 2843 2963 2938 2735 2683 2935
2941 2933 2833 2977 2928 2701 2945 2921 2693 2989 2965 2845 2821 2595 2942 2940
2690 2942 2918 2931 2978 2702 2946 2694 2822 2943 2919 2691 2966 2941 2982 2935
2946 2694 2838 2982 2935 2933 2938 2682 2918 2942 2690 2695 2947 2970 2850 2921
2964 2956 2904 2856 2953 2664 2616 2868 2713 2965 2860 2808 2905 2857 2728 2628
2969 2717 2953 2956 2961 2729 2965 2713 2669 2621 2921 2970 2721 2973 2905 2857
2970 2954 2959 2910 2962 2714 2966 2622 2719 2874 2971 2670 2717 2969 2974 2722
2979 2955 2727 2971 2966 2871 2919 2715 2739 2983 2959 2731 2859 2726 2954 2679
2728 2956 2980 2964 2872 2920 2969 2740 2976 2860 2680 2632 2932 2884 2981 2729
2732 2960 2984 2924 2876 2973 2684 2888 2912 2864 2936 2961 2985 2733 2728 2980
2974 2998 2938 2987 2985 2982 2734 2950 2926 2650 2698 2747 2878 2975 2902 2997
2976 2992 2940 2892 2989 2736 2980 2928 2880 2652 2749 2977 2944 2896 2993 2844
2978 2750 2942 2989 2982 2754 2751 2702 2882 2979 2654 2977 2749 2898 2946 2993
2751 2979 2943 2739 2983 2750 2978 2655 2931 2899 2947 2942 2691 2301 2982 2935
2982 2754 2946 2898 2993 2998 2750 2978 2983 2886 2658 2981 2753 2942 2989 2947
2983 2899 2947 2751 2979 2935 2707 2754 2982 2987 2943 2946 2898 2903 2998 2951
2756 2984 2948 2900 2997 2992 2660 2936 2888 2985 2757 2980 2852 2949 2896 2944
2987 2903 2998 2951 2747 2939 2711 2891 2983 2950 2902 2947 2899 2699 2975 2309
