0000
0007
0012
0014
0029
0030
0032
0043
0044
0045
0051
0052
0056
0063
0067
0070
0073
0080
0087
0088
0093
0096
0100
0102
0104
0108
0109
0111
0120
0124
0134
0135
0139
0141
0144
0149
0152
0157
0162
0163
0168
0170
0173
0174
0175
0177
0178
0179
0183
0184
0188
0192
0194
0195
0196
0199
0203
0208
0210
0211
0212
0218
0221
0226
0227
0231
0233
0237
0238
0239
0246
0247
0251
0252
0254
0256
0257
0259
0261
0263
0266
0270
0272
0278
0282
0283
0288
0289
0291
0296
0298
0309
0313
0314
0315
0318
0321
0322
0324
0331
0332
0340
0343
0347
0351
0353
0354
0358
0365
0366
0367
0368
0381
0387
0393
0402
0407
0408
0410
0411
0414
0415
0416
0420
0422
0423
0430
0432
0433
0435
0436
0439
0443
0445
0450
0456
0457
0460
0461
0462
0463
0464
0471
0472
0478
0479
0480
0485
0486
0495
0498
0506
0507
0509
0511
0518
0521
0527
0528
0532
0533
0535
0542
0543
0544
0547
0549
0554
0555
0557
0564
0565
0567
0568
0572
0573
0581
0594
0597
0598
0599
0601
0602
0605
0610
0612
0617
0621
0626
0637
0642
0644
0650
0651
0655
0662
0670
0676
0677
0678
0679
0680
0685
0691
0693
0695
0700
0705
0718
0727
0729
0736
0741
0742
0744
0746
0748
0755
0756
0759
0761
0764
0765
0767
0772
0776
0781
0783
0785
0787
0789
0790
0794
0798
0805
0807
0809
0810
0812
0817
0819
0829
0831
0838
0839
0840
0842
0844
0845
0847
0857
0859
0862
0864
0867
0869
0871
0874
0879
0881
0897
0900
0903
0907
0911
0912
0926
0927
0929
0930
0932
0942
0945
0949
0952
0958
0964
0965
0969
0976
0978
0979
0990
0998
1001
1005
1010
1018
1023
1025
1027
1029
1034
1036
1041
1044
1047
1055
1057
1064
1073
1075
1078
1080
1084
1089
1090
1091
1093
1094
1097
1099
1100
1102
1103
1105
1106
1116
1117
1123
1124
1128
1134
1149
1151
1161
1173
1174
1177
1178
1190
1192
1195
1200
1204
1206
1207
1210
1211
1213
1216
1221
1222
1226
1228
1229
1230
1231
1241
1244
1253
1255
1261
1263
1264
1268
1269
1270
1271
1272
1273
1278
1286
1288
1289
1292
1298
1299
1302
1307
1309
1316
1321
1322
1323
1330
1336
1343
1344
1345
1351
1359
1360
1361
1362
1364
1370
1374
1377
1385
1391
1392
1393
1397
1398
1399
1407
1410
1411
1412
1413
1421
1429
1435
1437
1442
1446
1448
1451
1453
1467
1474
1475
1488
1491
1497
1502
1506
1509
1512
1525
1533
1536
1543
1547
1551
1553
1556
1557
1559
1562
1566
1567
1569
1572
1577
1578
1580
1582
1583
1584
1586
1587
1600
1601
1606
1607
1608
1611
1613
1614
1618
1620
1623
1624
1628
1637
1640
1641
1659
1665
1670
1677
1688
1691
1694
1697
1706
1709
1710
1725
1727
1730
1732
1735
1736
1738
1739
1740
1741
1743
1744
1745
1746
1748
1752
1756
1760
1762
1763
1765
1766
1770
1775
1776
1778
1779
1780
1783
1784
1788
1793
1798
1800
1801
1804
1813
1814
1815
1817
1818
1820
1830
1831
1832
1839
1840
1842
1847
1860
1861
1868
1872
1876
1877
1882
1885
1891
1898
1904
1909
1911
1912
1915
1920
1921
1929
1939
1941
1947
1949
1960
1963
1964
1965
1966
1967
1991
1992
2001
2012
2018
2020
2023
2024
2025
2029
2030
2031
2045
2064
2066
2069
2083
2087
2089
2093
2095
2096
2097
2104
2111
2112
2113
2114
2120
2123
2124
2132
2138
2144
2151
2153
2155
2163
2164
2166
2167
2174
2175
2176
2178
2186
2190
2194
2206
2210
2213
2219
2225
2228
2230
2233
2234
2236
2243
2254
2256
2268
2272
2274
2275
2280
2284
2287
2290
2291
2292
2297
2303
2307
2308
2315
2316
2319
2323
2325
2330
2332
2333
2342
2344
2347
2350
2353
2358
2359
2360
2364
2366
2370
2372
2376
2377
2383
2392
2394
2400
2404
2407
2408
2411
2414
2415
2417
2418
2419
2420
2421
2425
2438
2441
2442
2453
2458
2470
2472
2473
2475
2477
2482
2497
2501
2503
2505
2515
2517
2523
2525
2527
2528
2529
2531
2538
2542
2546
2552
2555
2564
2566
2567
2569
2576
2579
2583
2587
2588
2592
2593
2594
2596
2601
2603
2618
2619
2624
2627
2631
2634
2636
2637
2639
2642
2643
2644
2645
2651
2659
2663
2667
2668
2677
2678
2681
2686
2687
2688
2689
2700
2703
2705
2706
2708
2709
2712
2716
2718
2720
2724
2725
2730
2737
2738
2742
2743
2744
2746
2748
2752
2755
2758
2759
2766
2771
2776
2779
2781
2786
2793
2794
2811
2825
2826
2834
2841
2846
2847
2848
2851
2855
2858
2861
2862
2863
2867
2870
2873
2875
2881
2883
2887
2890
2894
2895
2897
2901
2908
2909
2916
2917
2922
2923
2927
2929
2930
2934
2952
2957
2958
2967
2968
2972
2986
2988
2990
2991
2994
2995
2996
2999
