0001 0100 0011 0111 0020 0200 0201 0021 0102 0012 0121 0112 0220 0022 0202 0122
0012 0102 0001 0103 0013 0112 0011 0113 0111 0202 0022 0004 0203 0122 0014 0104
0013 0103 0004 0102 0012 0113 0014 0104 0112 0114 0203 0001 0022 0202 0123 0011
0004 0105 0015 0006 0014 0104 0115 0016 0106 0114 0116 0205 0024 0017 0026 0206
0006 0017 0008 0016 0106 0117 0018 0108 0116 0207 0027 0026 0206 0127 0217 0105
0008 0019 0018 0108 0119 0028 0129 0219 0017 0128 0117 0229 0207 0027 0006 0217
0011 0020 0021 0001 0111 0100 0121 0012 0220 0022 0130 0200 0112 0201 0122 0102
0022 0013 0123 0024 0012 0032 0122 0113 0014 0034 0124 0112 0132 0114 0134 0043
0024 0015 0035 0026 0014 0034 0124 0115 0016 0135 0036 0126 0114 0134 0116 0045
0028 0019 0129 0018 0038 0128 0119 0138 0229 0027 0008 0048 0219 0017 0149 0037
0040 0020 0130 0041 0021 0140 0121 0230 0050 0032 0011 0051 0240 0042 0220 0150
0041 0021 0032 0040 0020 0130 0121 0042 0022 0132 0140 0142 0122 0011 0051 0230
0032 0043 0034 0042 0022 0132 0143 0123 0024 0134 0142 0122 0124 0013 0233 0053
0038 0048 0028 0138 0149 0129 0128 0019 0037 0018 0238 0058 0047 0119 0229 0159
0045 0034 0043 0035 0145 0134 0154 0143 0053 0135 0153 0024 0064 0046 0042 0245
0048 0149 0038 0058 0159 0138 0047 0028 0248 0068 0037 0129 0169 0147 0057 0238
0064 0154 0053 0045 0164 0153 0043 0145 0163 0143 0074 0034 0056 0052 0075 0255
0045 0056 0064 0154 0145 0156 0046 0164 0166 0146 0075 0255 0035 0057 0053 0074
0058 0159 0068 0048 0169 0149 0057 0258 0038 0269 0179 0157 0047 0268 0178 0248
0061 0050 0160 0051 0161 0071 0150 0170 0151 0171 0080 0040 0062 0041 0052 0180
0062 0053 0163 0073 0064 0052 0162 0153 0173 0164 0074 0152 0154 0083 0263 0043
0064 0075 0164 0074 0056 0175 0166 0154 0156 0176 0085 0045 0264 0255 0057 0053
0056 0166 0057 0167 0156 0176 0075 0157 0177 0175 0046 0064 0068 0087 0267 0047
0057 0167 0068 0056 0166 0157 0058 0177 0156 0176 0178 0087 0267 0047 0046 0257
0068 0169 0058 0159 0179 0178 0089 0269 0268 0048 0057 0189 0279 0149 0167 0258
0071 0080 0170 0171 0061 0180 0160 0161 0050 0270 0091 0051 0271 0150 0190 0062
0073 0062 0071 0083 0173 0182 0162 0171 0061 0183 0163 0161 0052 0092 0272 0074
0176 0075 0087 0177 0186 0085 0166 0175 0187 0167 0185 0056 0276 0074 0057 0156
0087 0177 0176 0187 0167 0178 0068 0186 0166 0188 0057 0075 0056 0276 0287 0089
0178 0068 0089 0179 0188 0087 0177 0189 0169 0187 0167 0058 0098 0278 0099 0279
0089 0179 0178 0068 0189 0169 0188 0099 0279 0058 0098 0278 0087 0159 0269 0177
0080 0071 0091 0180 0171 0191 0182 0092 0170 0190 0061 0083 0271 0073 0161 0183
0083 0182 0092 0073 0183 0093 0071 0091 0173 0193 0171 0191 0062 0282 0080 0283
0085 0074 0094 0083 0075 0185 0095 0073 0194 0183 0093 0175 0195 0173 0193 0064
0087 0186 0085 0187 0176 0075 0185 0095 0177 0197 0175 0195 0287 0276 0074 0166
0089 0188 0098 0087 0189 0099 0178 0187 0179 0177 0197 0068 0288 0278 0186 0287
0091 0190 0080 0191 0180 0092 0071 0170 0171 0182 0270 0093 0271 0282 0390 0193
0095 0197 0087 0186 0195 0085 0187 0185 0094 0098 0297 0176 0194 0075 0295 0177
0197 0087 0098 0187 0186 0188 0297 0095 0099 0177 0287 0195 0085 0089 0176 0185
0100 0201 0111 0001 0102 0200 0202 0011 0112 0012 0301 0121 0103 0203 0021 0113
0106 0207 0117 0108 0206 0006 0116 0217 0017 0008 0216 0016 0018 0127 0105 0126
0108 0119 0008 0219 0019 0018 0129 0308 0128 0229 0207 0117 0028 0217 0017 0329
0111 0100 0121 0220 0011 0200 0020 0201 0021 0001 0130 0112 0320 0230 0122 0012
0119 0128 0018 0108 0117 0219 0129 0019 0028 0217 0127 0008 0017 0229 0207 0027
0121 0220 0130 0020 0111 0021 0230 0011 0320 0140 0100 0122 0200 0240 0222 0112
0124 0115 0225 0135 0126 0114 0224 0134 0024 0015 0116 0226 0035 0026 0214 0234
0130 0121 0132 0230 0140 0241 0041 0232 0021 0142 0122 0032 0240 0220 0040 0020
0132 0233 0143 0123 0134 0232 0142 0243 0122 0032 0223 0043 0234 0124 0034 0242
0236 0146 0126 0036 0135 0147 0246 0127 0037 0226 0046 0145 0026 0035 0047 0027
0147 0127 0037 0138 0236 0146 0126 0036 0047 0238 0027 0128 0038 0246 0226 0046
0138 0149 0129 0238 0128 0038 0229 0248 0048 0028 0119 0339 0159 0338 0219 0349
0140 0241 0041 0151 0142 0240 0130 0040 0150 0251 0242 0132 0051 0042 0152 0230
0145 0134 0154 0143 0245 0135 0234 0045 0034 0243 0043 0153 0035 0255 0233 0253
0149 0248 0138 0048 0147 0238 0159 0038 0258 0058 0047 0157 0037 0257 0057 0348
0154 0255 0145 0156 0164 0245 0166 0045 0056 0146 0264 0064 0246 0046 0175 0135
0159 0258 0058 0157 0169 0268 0149 0068 0248 0167 0257 0048 0057 0147 0269 0267
0164 0175 0166 0154 0264 0255 0064 0156 0075 0176 0074 0056 0276 0185 0145 0167
0169 0268 0068 0178 0167 0159 0269 0258 0179 0058 0278 0157 0267 0177 0279 0257
0173 0182 0272 0162 0171 0183 0273 0282 0073 0163 0262 0271 0062 0071 0161 0283
0175 0074 0164 0173 0185 0284 0075 0264 0183 0273 0064 0073 0163 0285 0085 0283
0180 0171 0191 0182 0170 0271 0080 0190 0071 0282 0091 0270 0272 0092 0161 0183
0185 0284 0194 0183 0175 0285 0085 0195 0074 0173 0283 0094 0083 0193 0075 0295
0193 0092 0182 0191 0293 0093 0183 0282 0091 0283 0083 0392 0190 0194 0173 0393
0197 0186 0195 0297 0187 0295 0095 0185 0287 0087 0285 0085 0176 0396 0194 0177
0098 0188 0197 0099 0189 0288 0297 0187 0089 0287 0087 0178 0179 0399 0278 0388
0099 0189 0098 0188 0089 0288 0179 0399 0197 0178 0279 0297 0389 0187 0278 0388
0205 0104 0304 0214 0203 0105 0114 0103 0303 0115 0315 0113 0313 0004 0224 0206
0108 0308 0207 0219 0217 0119 0117 0317 0008 0206 0409 0229 0128 0106 0018 0418
0219 0108 0308 0119 0229 0409 0207 0008 0129 0329 0419 0019 0217 0128 0018 0418
0220 0200 0111 0201 0320 0100 0121 0301 0230 0410 0011 0130 0020 0222 0112 0330
0111 0201 0220 0121 0200 0222 0112 0301 0202 0320 0100 0122 0322 0102 0011 0230
0222 0112 0202 0223 0113 0122 0313 0203 0322 0102 0111 0201 0123 0103 0303 0121
0223 0113 0313 0203 0214 0112 0222 0123 0202 0103 0114 0224 0303 0122 0322 0102
0214 0115 0225 0315 0205 0216 0224 0114 0325 0105 0116 0226 0206 0124 0324 0104
0219 0217 0229 0119 0128 0108 0117 0308 0317 0207 0129 0329 0127 0238 0018 0418
0220 0121 0222 0111 0320 0230 0122 0322 0232 0130 0330 0112 0132 0421 0021 0201
0226 0127 0217 0126 0216 0117 0236 0317 0128 0337 0238 0116 0336 0138 0338 0427
0229 0128 0238 0219 0129 0329 0138 0127 0217 0338 0119 0339 0117 0317 0337 0028
0230 0241 0232 0130 0240 0330 0220 0121 0341 0132 0242 0222 0140 0340 0320 0142
0234 0135 0245 0225 0335 0236 0134 0145 0224 0345 0246 0325 0336 0226 0124 0324
0236 0337 0238 0246 0147 0226 0336 0127 0347 0138 0248 0338 0146 0126 0128 0348
0238 0339 0229 0138 0248 0149 0338 0129 0349 0329 0128 0348 0219 0038 0438 0258
0245 0234 0243 0145 0134 0345 0255 0154 0143 0233 0354 0343 0253 0135 0335 0153
0246 0147 0347 0257 0248 0146 0236 0337 0157 0238 0348 0258 0336 0156 0356 0138
0248 0149 0349 0238 0348 0258 0339 0159 0138 0338 0358 0229 0269 0048 0268 0129
0251 0150 0240 0151 0160 0241 0360 0140 0340 0161 0341 0270 0050 0450 0230 0252
0255 0264 0154 0354 0253 0164 0245 0364 0263 0153 0353 0243 0145 0345 0163 0143
0257 0156 0356 0246 0255 0267 0157 0166 0366 0146 0245 0167 0367 0147 0347 0145
0258 0269 0159 0268 0169 0358 0248 0369 0149 0349 0368 0348 0279 0459 0257 0278
0160 0360 0270 0251 0161 0150 0271 0170 0151 0171 0460 0240 0262 0461 0061 0241
0251 0161 0271 0262 0160 0151 0360 0270 0171 0252 0162 0272 0150 0170 0152 0372
0264 0255 0164 0364 0175 0166 0375 0366 0276 0154 0354 0374 0156 0356 0176 0376
0267 0166 0366 0276 0257 0167 0156 0367 0356 0176 0255 0376 0157 0177 0175 0375
0284 0374 0264 0273 0285 0175 0375 0384 0164 0283 0173 0364 0373 0263 0185 0385
0285 0175 0375 0276 0284 0185 0374 0264 0385 0176 0376 0384 0164 0364 0186 0386
0276 0287 0177 0267 0278 0176 0187 0376 0387 0167 0288 0178 0367 0378 0268 0186
0270 0180 0271 0170 0190 0390 0171 0191 0391 0480 0080 0282 0160 0470 0272 0182
0271 0282 0270 0180 0171 0191 0272 0182 0391 0170 0190 0390 0372 0392 0283 0480
0287 0276 0186 0386 0285 0187 0176 0387 0297 0376 0185 0396 0385 0295 0177 0197
0288 0279 0189 0389 0278 0188 0179 0388 0379 0399 0178 0378 0269 0089 0489 0287
0190 0390 0191 0391 0180 0270 0271 0491 0091 0170 0080 0480 0392 0282 0171 0182
0191 0391 0190 0390 0392 0282 0180 0182 0271 0091 0491 0293 0270 0171 0193 0393
0293 0392 0282 0193 0393 0283 0182 0191 0391 0183 0383 0272 0492 0092 0273 0093
0295 0194 0284 0293 0195 0395 0285 0193 0384 0393 0283 0185 0385 0183 0383 0094
0297 0396 0295 0197 0397 0287 0186 0195 0386 0395 0285 0187 0387 0185 0385 0276
0288 0297 0399 0188 0197 0388 0397 0287 0189 0389 0187 0387 0278 0498 0098 0279
0399 0288 0189 0389 0188 0388 0279 0099 0297 0278 0098 0498 0179 0197 0379 0089
0301 0400 0200 0401 0201 0410 0500 0100 0320 0402 0510 0220 0202 0421 0511 0111
0303 0402 0202 0301 0403 0203 0313 0412 0401 0201 0413 0502 0102 0322 0304 0503
0304 0405 0205 0315 0415 0406 0206 0414 0214 0416 0216 0505 0105 0325 0303 0504
0406 0206 0407 0207 0317 0416 0405 0216 0205 0315 0417 0217 0415 0106 0304 0308
0407 0207 0317 0308 0406 0206 0417 0217 0416 0216 0418 0507 0106 0427 0409 0405
0308 0409 0419 0219 0418 0509 0329 0508 0108 0407 0119 0229 0207 0317 0518 0417
0320 0410 0301 0220 0400 0200 0421 0401 0201 0510 0330 0511 0111 0520 0322 0412
0301 0320 0410 0421 0401 0322 0201 0412 0220 0400 0200 0222 0402 0202 0511 0111
0313 0322 0412 0413 0303 0222 0402 0202 0301 0423 0223 0403 0203 0421 0401 0201
0315 0324 0414 0214 0304 0313 0325 0415 0224 0413 0303 0225 0405 0205 0423 0223
0317 0416 0216 0315 0417 0426 0217 0226 0406 0325 0415 0206 0427 0407 0207 0225
0418 0308 0317 0329 0419 0219 0417 0217 0229 0409 0427 0407 0207 0518 0338 0119
0329 0419 0219 0418 0308 0229 0409 0339 0119 0317 0518 0338 0129 0417 0509 0217
0320 0421 0322 0330 0220 0431 0222 0410 0230 0412 0232 0121 0341 0301 0520 0340
0322 0313 0423 0223 0324 0413 0222 0433 0233 0224 0412 0232 0414 0214 0434 0234
0426 0226 0336 0325 0317 0427 0416 0337 0216 0315 0236 0335 0225 0417 0217 0437
0317 0427 0337 0426 0417 0226 0336 0217 0437 0338 0416 0216 0236 0418 0438 0238
0329 0338 0418 0229 0339 0438 0317 0427 0238 0337 0419 0219 0417 0217 0437 0128
0330 0341 0431 0340 0441 0320 0230 0421 0241 0322 0232 0240 0220 0442 0242 0222
0232 0322 0433 0343 0442 0233 0242 0222 0341 0431 0443 0423 0243 0223 0441 0421
0343 0433 0233 0443 0322 0232 0243 0423 0223 0434 0324 0234 0442 0242 0222 0444
0335 0434 0324 0234 0435 0345 0444 0325 0224 0433 0343 0233 0245 0225 0443 0243
0343 0442 0242 0341 0443 0243 0353 0232 0452 0441 0252 0241 0433 0233 0253 0431
0345 0444 0354 0343 0335 0434 0245 0234 0454 0443 0243 0353 0435 0455 0255 0433
0347 0446 0336 0246 0356 0345 0337 0447 0236 0456 0335 0245 0437 0457 0257 0435
0360 0450 0340 0460 0251 0341 0240 0461 0441 0241 0550 0150 0330 0551 0151 0560
0251 0341 0360 0450 0461 0340 0441 0452 0241 0252 0460 0240 0262 0442 0242 0551
0353 0452 0252 0253 0343 0262 0442 0242 0251 0341 0463 0263 0443 0243 0461 0441
0354 0455 0255 0345 0356 0364 0454 0366 0456 0245 0264 0444 0466 0446 0246 0555
0356 0367 0457 0257 0347 0358 0366 0456 0467 0267 0447 0368 0458 0258 0348 0466
0358 0369 0459 0349 0368 0458 0469 0258 0348 0269 0268 0248 0379 0159 0339 0378
0360 0461 0460 0251 0471 0271 0262 0372 0450 0470 0270 0452 0252 0472 0272 0561
0262 0372 0353 0463 0452 0263 0373 0252 0472 0461 0272 0253 0473 0273 0251 0471
0353 0463 0263 0373 0364 0262 0372 0253 0473 0354 0273 0264 0374 0452 0252 0472
0364 0375 0366 0354 0455 0264 0374 0255 0475 0356 0466 0376 0454 0474 0456 0476
0470 0270 0360 0471 0480 0271 0460 0461 0390 0170 0372 0391 0571 0171 0580 0180
0471 0271 0372 0470 0270 0360 0461 0472 0272 0480 0460 0282 0262 0571 0391 0171
0376 0387 0367 0378 0386 0476 0487 0276 0366 0287 0467 0388 0478 0267 0278 0368
0480 0390 0470 0391 0270 0471 0271 0491 0360 0580 0180 0170 0460 0372 0190 0282
0391 0480 0471 0390 0271 0491 0372 0282 0392 0470 0270 0472 0272 0492 0383 0580
0383 0372 0282 0392 0373 0483 0472 0283 0393 0272 0492 0391 0473 0273 0293 0471
0395 0384 0393 0295 0385 0484 0284 0293 0383 0285 0483 0283 0374 0194 0396 0392
0399 0498 0388 0397 0389 0488 0497 0288 0297 0387 0489 0487 0287 0598 0378 0396
0405 0304 0504 0414 0403 0505 0415 0303 0503 0413 0315 0515 0313 0406 0402 0605
0409 0308 0508 0418 0407 0509 0419 0518 0507 0417 0317 0517 0608 0406 0609 0618
0410 0421 0511 0401 0412 0510 0400 0301 0512 0402 0320 0520 0500 0322 0502 0611
0421 0410 0320 0520 0431 0510 0330 0511 0531 0620 0400 0220 0401 0441 0610 0340
0423 0412 0322 0421 0413 0433 0512 0431 0313 0533 0511 0531 0622 0402 0442 0222
0414 0324 0524 0434 0423 0415 0325 0525 0435 0413 0433 0315 0515 0335 0313 0533
0415 0325 0525 0435 0426 0414 0324 0315 0524 0434 0515 0335 0416 0516 0336 0625
0418 0438 0427 0419 0329 0518 0338 0417 0538 0437 0339 0539 0317 0517 0337 0537
0419 0329 0418 0438 0339 0539 0518 0338 0538 0409 0229 0427 0619 0219 0349 0417
0431 0330 0441 0340 0531 0421 0540 0320 0520 0341 0630 0410 0230 0450 0640 0240
0433 0442 0431 0443 0533 0423 0322 0441 0531 0421 0343 0341 0632 0412 0232 0452
0437 0336 0446 0426 0435 0337 0447 0537 0427 0546 0335 0347 0345 0545 0325 0525
0438 0339 0539 0338 0349 0538 0329 0348 0639 0419 0459 0437 0638 0418 0238 0458
0441 0340 0540 0450 0431 0341 0330 0550 0531 0551 0640 0240 0460 0442 0641 0241
0444 0435 0345 0545 0455 0446 0434 0335 0454 0555 0546 0456 0354 0336 0356 0556
0438 0348 0458 0447 0349 0338 0459 0538 0358 0347 0437 0558 0457 0339 0539 0337
0349 0459 0348 0438 0339 0458 0539 0338 0538 0358 0558 0469 0447 0648 0248 0639
0450 0461 0551 0441 0452 0460 0550 0561 0341 0442 0360 0560 0340 0540 0562 0651
0452 0463 0353 0553 0443 0454 0442 0563 0343 0354 0444 0562 0364 0564 0653 0473
0463 0452 0562 0472 0461 0563 0473 0372 0572 0561 0471 0353 0553 0373 0573 0551
0454 0364 0564 0474 0463 0455 0354 0565 0475 0374 0574 0563 0473 0555 0375 0353
0455 0565 0475 0466 0454 0364 0564 0474 0555 0375 0456 0366 0566 0476 0354 0374
0469 0458 0368 0568 0478 0467 0459 0369 0358 0569 0558 0378 0457 0367 0379 0579
0476 0487 0577 0467 0478 0376 0387 0466 0367 0488 0378 0386 0586 0366 0566 0388
0478 0489 0379 0579 0469 0488 0378 0389 0369 0569 0388 0588 0368 0568 0459 0279
0480 0471 0491 0470 0580 0571 0391 0472 0591 0582 0492 0390 0372 0572 0392 0592
0483 0472 0582 0492 0473 0383 0372 0572 0392 0471 0592 0491 0373 0573 0393 0593
0484 0475 0385 0585 0474 0384 0375 0395 0476 0386 0586 0496 0374 0574 0376 0396
0487 0476 0386 0586 0496 0387 0376 0497 0396 0475 0385 0585 0577 0397 0597 0375
0491 0390 0480 0391 0591 0580 0690 0470 0492 0691 0471 0392 0680 0592 0681 0571
0492 0393 0593 0483 0392 0592 0383 0484 0582 0384 0693 0473 0293 0491 0472 0373
0484 0395 0384 0393 0593 0483 0385 0585 0383 0694 0474 0496 0492 0475 0295 0374
0395 0496 0484 0385 0396 0585 0384 0386 0586 0475 0295 0497 0694 0474 0375 0397
0498 0399 0489 0598 0488 0389 0388 0588 0699 0497 0698 0478 0379 0397 0579 0597
0500 0401 0511 0502 0600 0400 0510 0611 0602 0402 0512 0610 0410 0612 0412 0301
0507 0606 0406 0516 0505 0607 0407 0517 0616 0605 0416 0405 0515 0417 0615 0415
0512 0413 0503 0612 0623 0412 0502 0423 0614 0403 0524 0414 0504 0622 0602 0402
0515 0614 0524 0414 0504 0615 0525 0624 0415 0505 0413 0503 0625 0605 0405 0623
0518 0619 0419 0509 0618 0418 0508 0609 0409 0608 0539 0719 0517 0538 0718 0639
0520 0511 0421 0531 0620 0510 0611 0622 0431 0512 0610 0630 0410 0612 0632 0412
0622 0512 0623 0612 0423 0533 0632 0412 0511 0421 0531 0633 0413 0433 0611 0431
0623 0423 0533 0524 0622 0512 0633 0413 0624 0433 0612 0632 0412 0614 0634 0414
0516 0426 0525 0627 0517 0616 0427 0537 0416 0625 0515 0637 0417 0437 0615 0415
0627 0517 0427 0537 0516 0426 0637 0417 0518 0437 0538 0616 0416 0618 0638 0418
0518 0538 0618 0539 0638 0418 0627 0517 0438 0427 0537 0619 0639 0419 0637 0417
0539 0518 0619 0538 0639 0419 0618 0638 0418 0438 0329 0509 0729 0508 0609 0719
0531 0630 0540 0520 0640 0431 0620 0641 0441 0421 0330 0510 0550 0730 0511 0551
0533 0632 0531 0633 0642 0433 0622 0442 0431 0623 0443 0423 0641 0441 0421 0512
0634 0434 0524 0533 0545 0435 0525 0624 0444 0633 0433 0645 0625 0623 0443 0423
0545 0435 0525 0634 0645 0434 0524 0625 0546 0624 0444 0646 0446 0426 0335 0515
0537 0546 0637 0646 0437 0446 0545 0426 0435 0525 0647 0627 0447 0427 0645 0625
0540 0641 0531 0441 0551 0640 0550 0431 0651 0642 0442 0630 0450 0632 0452 0341
0642 0442 0533 0632 0443 0553 0641 0531 0452 0441 0551 0633 0433 0653 0431 0651
0533 0443 0553 0642 0633 0442 0433 0653 0444 0632 0452 0634 0434 0654 0454 0343
0545 0444 0645 0634 0555 0434 0654 0533 0454 0443 0553 0435 0455 0633 0433 0653
0546 0647 0537 0447 0646 0637 0446 0556 0437 0657 0648 0538 0457 0558 0456 0638
0648 0538 0558 0539 0638 0438 0658 0647 0537 0458 0447 0639 0659 0459 0637 0437
0539 0648 0538 0639 0558 0659 0459 0638 0438 0658 0458 0349 0569 0348 0568 0748
0553 0562 0452 0551 0653 0563 0642 0561 0651 0442 0663 0463 0443 0661 0461 0641
0555 0654 0564 0454 0553 0565 0455 0545 0563 0653 0444 0665 0645 0663 0463 0443
0556 0657 0457 0558 0566 0667 0456 0546 0467 0647 0658 0568 0447 0458 0666 0466
0558 0659 0569 0459 0658 0568 0669 0458 0469 0648 0579 0539 0759 0358 0758 0538
0566 0667 0467 0577 0568 0556 0666 0657 0466 0457 0558 0456 0676 0476 0658 0458
0571 0580 0470 0560 0671 0680 0471 0561 0480 0460 0681 0661 0461 0550 0770 0572
0574 0675 0585 0475 0565 0674 0685 0474 0564 0665 0676 0586 0476 0566 0684 0484
0577 0586 0676 0476 0566 0686 0666 0585 0675 0466 0475 0565 0487 0667 0467 0685
0579 0588 0478 0568 0577 0688 0569 0488 0489 0669 0469 0487 0667 0467 0378 0598
0580 0681 0571 0591 0582 0680 0671 0480 0471 0691 0682 0572 0491 0592 0470 0690
0582 0573 0683 0483 0593 0572 0682 0673 0592 0473 0693 0684 0574 0484 0672 0472
0585 0684 0574 0484 0685 0674 0474 0694 0683 0573 0483 0593 0675 0475 0673 0473
0586 0577 0487 0597 0588 0686 0688 0497 0488 0598 0676 0476 0696 0496 0478 0698
0588 0579 0489 0688 0488 0598 0699 0478 0698 0498 0569 0389 0568 0388 0788 0669
0591 0690 0580 0691 0491 0680 0480 0681 0390 0790 0592 0571 0391 0791 0470 0780
0694 0593 0585 0684 0693 0484 0685 0683 0483 0574 0794 0592 0395 0795 0674 0696
0585 0694 0685 0696 0496 0586 0684 0484 0686 0395 0795 0597 0593 0574 0794 0675
0597 0696 0496 0586 0497 0686 0585 0487 0685 0396 0598 0577 0397 0676 0694 0698
0598 0699 0698 0498 0588 0489 0688 0488 0579 0399 0597 0389 0497 0478 0388 0788
0600 0611 0701 0602 0500 0610 0700 0511 0502 0612 0702 0510 0710 0512 0712 0401
0602 0503 0502 0612 0702 0504 0614 0704 0512 0712 0403 0623 0803 0605 0402 0622
0605 0504 0614 0704 0505 0615 0705 0503 0515 0715 0624 0804 0606 0602 0405 0625
0612 0623 0614 0512 0622 0602 0712 0503 0723 0624 0502 0702 0524 0504 0724 0704
0616 0517 0627 0607 0618 0516 0606 0507 0727 0518 0608 0718 0726 0508 0417 0637
0620 0611 0622 0520 0610 0511 0630 0720 0531 0612 0632 0510 0710 0730 0512 0712
0627 0616 0726 0625 0516 0637 0727 0525 0615 0736 0725 0517 0537 0515 0715 0735
0618 0638 0627 0619 0518 0639 0729 0538 0718 0738 0637 0727 0539 0719 0739 0517
0619 0639 0729 0618 0638 0539 0719 0739 0518 0538 0718 0738 0609 0627 0608 0648
0630 0531 0641 0632 0640 0620 0730 0642 0622 0732 0540 0520 0720 0742 0431 0611
0634 0645 0625 0735 0545 0624 0525 0745 0646 0725 0736 0524 0744 0724 0546 0746
0637 0646 0736 0537 0647 0546 0627 0746 0645 0726 0625 0735 0747 0727 0545 0525
0642 0633 0653 0743 0632 0533 0742 0553 0733 0634 0654 0744 0732 0752 0754 0443
0645 0634 0654 0744 0545 0745 0633 0754 0653 0743 0555 0735 0755 0533 0553 0733
0648 0639 0659 0638 0539 0658 0748 0739 0759 0538 0558 0738 0758 0669 0647 0848
0651 0550 0640 0750 0661 0551 0560 0641 0751 0540 0760 0561 0450 0630 0850 0671
0653 0642 0752 0651 0553 0663 0562 0762 0551 0661 0742 0641 0751 0563 0763 0743
0654 0555 0665 0645 0755 0565 0754 0545 0765 0556 0666 0745 0646 0756 0564 0744
0657 0556 0666 0646 0756 0667 0566 0647 0757 0546 0766 0555 0665 0746 0645 0755
0661 0560 0760 0651 0561 0550 0671 0750 0770 0551 0571 0751 0771 0460 0680 0640
0663 0562 0672 0762 0661 0563 0653 0673 0763 0572 0752 0561 0651 0772 0671 0553
0665 0564 0654 0674 0663 0565 0675 0765 0574 0754 0563 0653 0774 0673 0763 0555
0669 0658 0568 0768 0667 0569 0659 0558 0769 0758 0657 0579 0759 0779 0577 0757
0671 0680 0770 0681 0571 0580 0661 0771 0560 0780 0760 0561 0781 0470 0690 0870
0676 0577 0667 0686 0666 0776 0688 0586 0566 0786 0766 0588 0568 0788 0768 0657
0688 0579 0588 0669 0779 0568 0788 0577 0768 0667 0569 0769 0478 0658 0698 0878
0579 0669 0779 0688 0569 0769 0588 0568 0788 0768 0659 0699 0478 0658 0698 0878
0686 0688 0676 0586 0577 0696 0786 0597 0588 0698 0788 0776 0598 0487 0667 0887
0688 0699 0588 0579 0698 0788 0779 0598 0489 0669 0889 0488 0888 0569 0769 0478
0693 0592 0682 0792 0691 0593 0683 0793 0582 0591 0782 0681 0791 0781 0492 0672
0694 0685 0795 0696 0684 0794 0585 0785 0686 0784 0586 0786 0675 0693 0674 0597
0696 0597 0698 0686 0598 0688 0586 0786 0588 0788 0497 0897 0699 0496 0676 0577
0702 0803 0704 0712 0602 0813 0804 0812 0612 0814 0614 0723 0503 0701 0705 0502
0806 0606 0705 0807 0607 0805 0616 0715 0605 0817 0815 0615 0906 0726 0704 0727
0807 0607 0806 0606 0817 0808 0718 0608 0616 0818 0618 0727 0507 0705 0709 0906
0709 0808 0718 0608 0809 0719 0609 0818 0807 0618 0607 0819 0619 0817 0908 0508
0710 0701 0611 0712 0720 0821 0700 0610 0801 0812 0702 0612 0620 0600 0622 0602
0712 0813 0723 0812 0702 0612 0803 0623 0814 0724 0704 0614 0622 0602 0804 0624
0715 0814 0724 0704 0614 0815 0725 0705 0615 0804 0624 0813 0723 0825 0805 0625
0726 0616 0715 0817 0727 0806 0815 0725 0606 0705 0615 0807 0627 0607 0825 0805
0817 0727 0718 0726 0616 0807 0627 0818 0607 0618 0806 0606 0828 0808 0608 0517
0720 0821 0710 0730 0620 0831 0611 0712 0732 0622 0830 0610 0630 0812 0832 0612
0723 0712 0732 0622 0812 0733 0623 0832 0612 0821 0632 0813 0833 0633 0831 0611
0729 0828 0718 0738 0727 0719 0818 0739 0838 0618 0638 0627 0819 0839 0619 0639
0730 0831 0732 0830 0841 0720 0630 0821 0641 0832 0742 0632 0840 0640 0620 0842
0735 0834 0744 0724 0634 0733 0835 0745 0844 0725 0833 0743 0624 0723 0633 0825
0736 0747 0727 0637 0738 0746 0847 0726 0647 0838 0748 0627 0638 0846 0646 0848
0840 0730 0750 0640 0841 0830 0751 0641 0850 0630 0831 0851 0651 0940 0720 0760
0841 0751 0641 0742 0840 0730 0831 0750 0640 0851 0842 0732 0651 0752 0642 0830
0748 0739 0759 0848 0738 0839 0758 0648 0639 0659 0838 0858 0638 0658 0729 0769
0752 0853 0763 0743 0653 0754 0852 0762 0863 0742 0843 0663 0854 0744 0654 0862
0760 0861 0751 0771 0661 0762 0750 0860 0851 0770 0871 0651 0752 0862 0671 0772
0765 0864 0754 0774 0763 0755 0854 0775 0665 0874 0654 0863 0674 0773 0663 0855
0766 0757 0667 0768 0756 0857 0776 0666 0877 0657 0758 0856 0876 0676 0858 0878
0776 0877 0876 0786 0887 0766 0676 0878 0788 0667 0768 0886 0686 0666 0888 0688
0779 0788 0878 0768 0888 0769 0688 0877 0889 0869 0669 0887 0667 0758 0776 0979
0782 0773 0793 0683 0784 0772 0882 0873 0792 0682 0673 0774 0693 0794 0684 0672
0786 0887 0788 0776 0886 0877 0686 0897 0888 0688 0876 0676 0696 0878 0898 0698
0788 0889 0779 0888 0688 0699 0878 0898 0698 0769 0988 0768 0588 0979 0869 0579
0786 0696 0795 0897 0886 0686 0785 0887 0885 0685 0996 0776 0794 0997 0597 0876
0897 0786 0696 0887 0898 0788 0698 0886 0686 0888 0688 0997 0597 0795 0996 0776
0898 0788 0698 0699 0888 0897 0688 0889 0887 0598 0999 0779 0878 0988 0588 0786
0699 0898 0788 0698 0889 0888 0688 0779 0999 0598 0897 0878 0988 0588 0887 0979
0801 0700 0701 0710 0910 0911 0600 0821 0720 0702 0920 0610 0812 0921 0611 0712
0803 0702 0812 0801 0813 0712 0701 0912 0913 0911 0602 0804 0700 0704 0612 0814
0710 0910 0821 0720 0801 0911 0700 0920 0701 0921 0830 0610 0812 0831 0611 0730
0821 0801 0911 0812 0710 0910 0701 0921 0712 0912 0720 0700 0920 0702 0831 0611
0817 0806 0815 0726 0807 0926 0715 0825 0906 0805 0915 0727 0927 0725 0705 0905
0821 0720 0830 0920 0710 0831 0921 0730 0910 0930 0911 0931 0840 0620 0801 0841
0812 0832 0821 0723 0813 0712 0833 0923 0732 0912 0932 0831 0921 0733 0913 0933
0723 0813 0833 0923 0812 0832 0733 0913 0724 0814 0933 0834 0712 0732 0912 0932
0825 0724 0814 0834 0725 0815 0835 0723 0813 0833 0923 0715 0735 0915 0733 0913
0726 0926 0825 0727 0817 0927 0736 0725 0815 0835 0937 0715 0735 0915 0806 0846
0727 0817 0927 0828 0726 0926 0818 0937 0838 0928 0736 0718 0738 0847 0807 0627
0828 0729 0819 0839 0929 0818 0719 0838 0928 0739 0919 0718 0738 0809 0848 0808
0736 0846 0835 0847 0746 0937 0726 0735 0926 0825 0747 0727 0927 0745 0725 0945
0847 0937 0838 0736 0846 0747 0727 0738 0848 0927 0828 0746 0726 0926 0748 0928
0844 0745 0835 0945 0855 0846 0744 0834 0735 0944 0854 0755 0746 0955 0856 0754
0848 0839 0748 0838 0739 0858 0759 0738 0758 0958 0869 0847 0828 0648 0729 0769
0858 0869 0759 0758 0769 0958 0848 0969 0768 0968 0748 0839 0659 0857 0878 0838
0864 0765 0855 0875 0965 0854 0755 0964 0874 0775 0955 0766 0856 0876 0966 0754
0856 0766 0966 0876 0857 0756 0967 0877 0956 0776 0855 0765 0976 0965 0875 0757
0857 0877 0967 0856 0766 0757 0876 0966 0957 0768 0858 0878 0968 0756 0956 0776
0869 0768 0858 0968 0878 0769 0758 0969 0958 0857 0967 0877 0759 0779 0979 0757
0873 0882 0772 0862 0972 0871 0773 0782 0863 0762 0982 0771 0881 0962 0861 0971
0878 0779 0889 0869 0979 0888 0769 0969 0788 0988 0768 0968 0877 0898 0858 0759
0882 0873 0983 0782 0773 0982 0793 0784 0874 0993 0984 0772 0792 0972 0992 0774
0885 0784 0874 0984 0875 0785 0774 0794 0873 0983 0775 0795 0773 0793 0993 0864
0792 0882 0992 0891 0793 0993 0782 0791 0982 0881 0983 0781 0981 0890 0873 0693
0793 0993 0792 0882 0992 0794 0983 0782 0982 0784 0984 0873 0693 0891 0773 0791
0794 0795 0885 0784 0793 0984 0993 0785 0983 0874 0694 0875 0774 0792 0684 0886
0795 0885 0794 0785 0886 0996 0784 0984 0786 0875 0897 0874 0694 0775 0793 0685
0897 0886 0996 0997 0887 0786 0795 0885 0987 0785 0876 0696 0898 0877 0776 0794
0898 0999 0889 0888 0788 0988 0699 0897 0878 0698 0779 0979 0997 0887 0688 0987
0910 0911 0801 0700 0920 0701 0921 0710 0912 0821 0812 0720 0702 0712 0930 0600
0911 0801 0910 0912 0812 0701 0921 0700 0920 0821 0913 0803 0702 0710 0813 0712
0912 0913 0803 0812 0911 0801 0813 0702 0923 0712 0910 0804 0701 0921 0814 0821
0913 0803 0912 0813 0804 0812 0814 0923 0905 0702 0911 0801 0915 0805 0704 0712
0905 0804 0915 0805 0814 0913 0803 0815 0813 0704 0906 0705 0806 0912 0923 0715
0906 0807 0908 0806 0817 0808 0818 0927 0905 0909 0926 0915 0919 0809 0805 0928
0915 0814 0913 0905 0815 0923 0804 0813 0825 0805 0803 0912 0715 0724 0926 0704
0926 0906 0915 0927 0817 0806 0905 0815 0807 0825 0805 0937 0726 0928 0814 0908
0927 0817 0926 0906 0928 0807 0908 0818 0806 0828 0808 0937 0915 0919 0727 0929
0919 0928 0908 0818 0929 0909 0819 0828 0927 0808 0817 0809 0807 0718 0719 0926
0923 0912 0932 0921 0913 0933 0812 0911 0832 0931 0821 0813 0833 0831 0920 0723
0923 0915 0825 0814 0913 0834 0933 0815 0835 0813 0833 0724 0944 0926 0725 0905
0915 0825 0926 0815 0835 0814 0834 0725 0905 0945 0927 0923 0724 0944 0715 0913
0944 0834 0933 0945 0835 0844 0943 0923 0833 0825 0843 0954 0932 0735 0915 0955
0945 0835 0944 0834 0825 0926 0844 0846 0735 0915 0955 0937 0933 0954 0745 0943
0937 0926 0927 0846 0945 0835 0847 0825 0736 0956 0957 0746 0944 0726 0856 0834
0928 0838 0937 0929 0839 0848 0828 0927 0847 0738 0958 0739 0919 0748 0818 0858
0929 0839 0928 0838 0848 0828 0739 0919 0937 0738 0958 0729 0819 0927 0748 0818
0940 0931 0841 0951 0930 0840 0831 0932 0851 0842 0952 0830 0850 0832 0852 0921
0943 0932 0842 0952 0933 0843 0953 0832 0931 0852 0841 0951 0833 0853 0831 0851
0846 0956 0945 0937 0847 0957 0856 0955 0857 0835 0855 0746 0926 0966 0944 0747
0937 0847 0957 0846 0956 0857 0848 0958 0856 0838 0858 0747 0927 0967 0945 0746
0848 0958 0838 0937 0858 0847 0957 0839 0857 0748 0928 0968 0929 0969 0738 0828
0848 0958 0839 0838 0858 0929 0969 0748 0928 0968 0739 0937 0759 0869 0847 0957
0951 0960 0850 0940 0961 0851 0860 0840 0861 0841 0750 0970 0930 0952 0971 0751
0958 0969 0968 0858 0869 0848 0759 0979 0957 0758 0769 0967 0839 0857 0768 0878
0962 0953 0863 0964 0952 0972 0862 0853 0954 0873 0864 0852 0854 0874 0763 0983
0972 0983 0873 0982 0962 0984 0863 0874 0964 0882 0862 0864 0773 0993 0953 0971
0984 0964 0874 0965 0875 0983 0864 0873 0885 0863 0954 0774 0976 0972 0775 0955
0965 0875 0976 0984 0964 0874 0885 0876 0966 0864 0886 0955 0775 0954 0774 0785
0976 0987 0877 0967 0966 0876 0887 0988 0878 0968 0886 0888 0997 0957 0979 0776
0979 0988 0878 0968 0969 0888 0987 0967 0877 0889 0869 0887 0958 0976 0999 0779
0984 0885 0875 0976 0996 0886 0874 0876 0965 0785 0987 0983 0784 0964 0775 0795
0987 0976 0996 0886 0887 0997 0876 0885 0877 0897 0875 0786 0966 0984 0988 0967
0988 0979 0889 0999 0888 0878 0898 0969 0987 0788 0968 0779 0869 0997 0887 0877
0990 0981 0891 0992 0980 0890 0881 0982 0880 0882 0791 0971 0993 0970 0790 0871
0984 0993 0983 0885 0794 0996 0992 0795 0874 0784 0982 0793 0785 0875 0886 0882
0996 0984 0885 0886 0795 0997 0993 0794 0785 0875 0987 0897 0976 0983 0874 0784
0999 0898 0988 0997 0888 0987 0897 0889 0887 0996 0979 0878 0788 0886 0877 0976
