0001 0100 0011 0111 0020 0200 0201 0021 0102 0121 0112 0022 0202 0122 0013 0103
0102 0001 0013 0103 0112 0011 0113 0111 0022 0202 0004 0203 0122 0104 0100 0014
0013 0103 0004 0102 0113 0014 0104 0112 0114 0203 0001 0022 0202 0123 0011 0015
0004 0015 0105 0104 0014 0115 0016 0106 0114 0116 0205 0017 0026 0206 0103 0013
0016 0106 0017 0116 0015 0105 0117 0115 0026 0206 0004 0008 0027 0207 0216 0126
0017 0008 0106 0016 0117 0116 0027 0207 0026 0206 0127 0217 0019 0105 0015 0216
0008 0019 0119 0129 0219 0017 0128 0117 0229 0207 0027 0127 0217 0016 0106 0308
0011 0020 0021 0001 0111 0100 0121 0022 0130 0200 0112 0201 0122 0102 0230 0032
0013 0022 0112 0011 0113 0122 0021 0102 0111 0001 0123 0103 0121 0032 0014 0222
0019 0008 0017 0119 0128 0027 0117 0129 0127 0038 0016 0219 0026 0138 0116 0037
0022 0013 0123 0032 0122 0113 0014 0034 0124 0112 0114 0134 0043 0021 0042 0222
0014 0034 0124 0015 0035 0114 0013 0134 0123 0115 0113 0004 0224 0026 0022 0045
0015 0035 0026 0014 0034 0124 0115 0016 0036 0126 0114 0134 0116 0045 0225 0027
0038 0128 0027 0019 0129 0017 0138 0037 0127 0119 0117 0008 0048 0026 0229 0016
0019 0129 0038 0128 0119 0138 0229 0027 0008 0048 0219 0017 0149 0037 0127 0117
0040 0020 0130 0021 0121 0230 0050 0032 0011 0240 0042 0150 0022 0241 0111 0151
0021 0032 0040 0020 0130 0121 0042 0022 0142 0122 0011 0230 0050 0241 0043 0111
0032 0043 0034 0042 0022 0143 0123 0134 0142 0122 0124 0013 0233 0053 0035 0232
0038 0048 0138 0149 0129 0128 0019 0037 0058 0047 0119 0229 0159 0027 0248 0147
0040 0042 0050 0032 0151 0142 0052 0130 0150 0152 0021 0241 0043 0020 0240 0121
0045 0034 0043 0035 0134 0154 0143 0053 0153 0064 0046 0042 0245 0036 0032 0124
0048 0149 0038 0058 0159 0138 0047 0248 0068 0037 0129 0147 0057 0128 0258 0157
0050 0151 0052 0150 0040 0161 0062 0152 0042 0160 0162 0142 0071 0251 0053 0171
0064 0154 0053 0045 0153 0043 0163 0143 0074 0034 0052 0075 0255 0035 0062 0134
0045 0064 0154 0156 0046 0166 0146 0075 0255 0035 0057 0053 0074 0034 0175 0245
0057 0156 0046 0157 0047 0166 0146 0045 0167 0147 0036 0058 0257 0037 0064 0068
0058 0159 0068 0048 0149 0057 0258 0038 0269 0179 0157 0047 0268 0178 0248 0138
0050 0160 0161 0071 0150 0170 0151 0171 0080 0040 0062 0052 0180 0270 0162 0251
0161 0071 0062 0050 0160 0151 0052 0171 0162 0150 0170 0152 0080 0040 0251 0053
0062 0053 0163 0064 0052 0162 0153 0074 0152 0154 0263 0043 0262 0042 0253 0183
0064 0075 0074 0175 0166 0154 0156 0085 0045 0255 0057 0053 0167 0163 0046 0157
0166 0057 0167 0156 0075 0157 0177 0175 0046 0064 0068 0087 0267 0047 0058 0186
0057 0167 0068 0166 0157 0058 0177 0156 0178 0087 0267 0047 0046 0257 0187 0147
0068 0058 0159 0179 0178 0089 0269 0268 0048 0057 0189 0279 0149 0167 0258 0188
0071 0080 0170 0171 0180 0160 0161 0050 0270 0091 0271 0150 0190 0062 0151 0191
0062 0071 0162 0171 0183 0163 0161 0092 0052 0074 0093 0053 0273 0282 0080 0152
0074 0062 0183 0163 0064 0162 0053 0093 0273 0071 0075 0092 0052 0283 0085 0153
0075 0087 0177 0186 0085 0166 0175 0187 0167 0276 0074 0057 0156 0064 0178 0068
0087 0177 0187 0167 0178 0068 0186 0166 0188 0057 0075 0276 0287 0089 0085 0197
0178 0068 0089 0179 0188 0087 0177 0189 0187 0167 0058 0098 0099 0279 0288 0268
0089 0179 0178 0068 0189 0188 0099 0279 0058 0098 0087 0159 0269 0177 0288 0268
0080 0071 0091 0180 0171 0191 0092 0170 0190 0271 0161 0183 0093 0062 0282 0270
0092 0183 0093 0071 0091 0171 0191 0062 0282 0080 0283 0074 0162 0180 0094 0273
0183 0093 0092 0074 0094 0194 0283 0085 0062 0282 0273 0071 0075 0163 0293 0091
0085 0074 0094 0075 0095 0194 0183 0093 0175 0195 0064 0284 0186 0092 0283 0295
0087 0186 0085 0187 0075 0095 0177 0197 0175 0195 0287 0276 0074 0166 0094 0188
0089 0188 0098 0087 0189 0099 0178 0187 0179 0177 0197 0068 0288 0186 0287 0279
0091 0190 0080 0191 0180 0092 0071 0170 0171 0270 0093 0271 0282 0390 0391 0160
0095 0197 0087 0186 0195 0085 0187 0094 0098 0297 0194 0075 0295 0177 0287 0188
0197 0087 0098 0187 0186 0188 0297 0095 0099 0177 0287 0195 0085 0089 0189 0178
0100 0201 0111 0001 0102 0200 0202 0011 0112 0301 0121 0103 0203 0021 0113 0122
0106 0207 0117 0206 0116 0217 0017 0008 0216 0016 0127 0105 0126 0205 0317 0027
0008 0119 0207 0117 0219 0019 0217 0017 0308 0128 0106 0129 0206 0116 0127 0229
0119 0008 0219 0019 0129 0308 0128 0229 0207 0117 0217 0017 0329 0127 0106 0409
0111 0100 0121 0011 0020 0200 0021 0201 0001 0130 0112 0230 0320 0122 0102 0301
0119 0128 0117 0129 0219 0019 0127 0217 0008 0017 0229 0027 0207 0138 0116 0126
0121 0130 0020 0111 0021 0230 0011 0320 0100 0122 0200 0240 0222 0112 0330 0040
0124 0225 0115 0126 0114 0224 0134 0015 0226 0116 0035 0026 0214 0014 0034 0216
0130 0121 0230 0241 0232 0021 0142 0122 0032 0240 0040 0020 0242 0222 0042 0022
0232 0142 0122 0032 0233 0143 0242 0123 0222 0042 0022 0121 0243 0043 0241 0021
0233 0143 0123 0134 0232 0142 0243 0122 0032 0043 0124 0034 0242 0222 0042 0022
0134 0035 0245 0124 0034 0225 0045 0236 0146 0126 0036 0224 0246 0226 0046 0026
0236 0146 0126 0036 0147 0246 0127 0037 0226 0046 0026 0035 0047 0027 0245 0225
0147 0127 0037 0138 0236 0146 0126 0036 0047 0027 0128 0038 0246 0226 0046 0026
0138 0149 0129 0128 0038 0229 0248 0048 0119 0339 0159 0219 0349 0147 0329 0019
0240 0130 0040 0150 0241 0230 0151 0050 0251 0340 0160 0142 0341 0121 0161 0330
0241 0151 0142 0240 0130 0040 0150 0251 0242 0042 0152 0230 0050 0232 0032 0252
0134 0154 0143 0245 0045 0034 0243 0043 0153 0035 0255 0233 0253 0053 0124 0146
0245 0045 0146 0134 0154 0035 0255 0246 0046 0156 0034 0236 0036 0345 0147 0143
0149 0248 0138 0048 0147 0159 0038 0258 0058 0047 0157 0037 0257 0057 0348 0128
0154 0255 0156 0245 0166 0045 0146 0064 0246 0046 0175 0157 0153 0134 0167 0257
0159 0258 0058 0157 0268 0149 0068 0248 0167 0257 0048 0057 0147 0269 0267 0047
0154 0064 0163 0175 0153 0263 0074 0255 0075 0253 0053 0273 0364 0166 0162 0284
0175 0166 0154 0255 0064 0156 0075 0074 0276 0167 0163 0364 0245 0157 0267 0153
0268 0068 0178 0167 0159 0269 0258 0179 0058 0157 0267 0177 0279 0257 0057 0188
0159 0269 0179 0268 0068 0178 0279 0258 0058 0189 0369 0149 0167 0188 0157 0267
0162 0171 0183 0273 0282 0163 0262 0271 0062 0071 0161 0283 0263 0152 0372 0170
0183 0273 0163 0283 0162 0263 0074 0282 0262 0062 0284 0064 0153 0373 0171 0175
0175 0074 0284 0075 0183 0273 0064 0163 0085 0283 0263 0194 0154 0374 0195 0375
0177 0186 0276 0166 0175 0187 0167 0075 0287 0087 0267 0085 0156 0376 0178 0157
0180 0171 0191 0170 0271 0080 0190 0071 0282 0091 0270 0092 0161 0183 0160 0283
0183 0282 0283 0171 0092 0191 0273 0293 0093 0271 0071 0091 0162 0180 0163 0383
0284 0194 0183 0175 0085 0195 0074 0283 0094 0075 0295 0095 0273 0293 0093 0384
0175 0085 0195 0186 0284 0194 0075 0295 0095 0074 0094 0276 0385 0187 0183 0384
0092 0191 0293 0093 0183 0282 0091 0283 0392 0190 0194 0393 0094 0180 0171 0391
0293 0093 0183 0194 0092 0283 0094 0282 0284 0393 0191 0195 0392 0273 0295 0383
0197 0186 0195 0297 0187 0295 0095 0287 0087 0085 0396 0194 0177 0397 0276 0386
0098 0188 0197 0099 0189 0288 0297 0187 0089 0287 0087 0178 0179 0399 0186 0177
0099 0189 0098 0188 0089 0288 0179 0399 0197 0178 0279 0297 0389 0187 0287 0087
0205 0104 0304 0214 0203 0105 0114 0103 0303 0115 0315 0113 0313 0004 0224 0206
0308 0207 0219 0217 0119 0117 0317 0008 0206 0409 0229 0128 0106 0418 0216 0407
0219 0308 0119 0409 0229 0207 0008 0129 0329 0419 0019 0217 0128 0418 0117 0317
0200 0111 0201 0320 0100 0121 0301 0230 0410 0011 0130 0020 0112 0222 0330 0400
0111 0201 0121 0200 0112 0222 0301 0202 0320 0100 0122 0322 0102 0011 0230 0410
0222 0112 0202 0113 0122 0313 0203 0322 0102 0111 0201 0123 0103 0303 0121 0301
0113 0313 0203 0214 0112 0222 0123 0202 0103 0224 0114 0303 0122 0322 0102 0124
0214 0115 0225 0315 0205 0216 0224 0114 0325 0105 0226 0116 0206 0124 0324 0104
0219 0217 0119 0229 0128 0117 0308 0317 0207 0129 0329 0127 0418 0216 0019 0419
0230 0320 0121 0130 0330 0111 0240 0020 0200 0222 0021 0421 0241 0201 0100 0410
0121 0222 0111 0230 0320 0122 0322 0232 0130 0330 0112 0021 0201 0241 0421 0020
0222 0123 0233 0224 0122 0113 0232 0322 0313 0124 0214 0324 0112 0114 0134 0203
0226 0127 0217 0216 0126 0117 0236 0317 0128 0337 0116 0336 0138 0427 0207 0027
0229 0128 0129 0219 0329 0138 0127 0217 0119 0339 0117 0317 0337 0248 0226 0418
0230 0241 0232 0130 0240 0330 0121 0341 0242 0222 0340 0320 0142 0122 0322 0431
0134 0224 0233 0245 0225 0335 0124 0324 0243 0345 0325 0143 0123 0343 0214 0434
0245 0335 0225 0236 0134 0224 0345 0246 0325 0336 0226 0124 0324 0146 0126 0035
0236 0337 0246 0147 0336 0226 0127 0347 0138 0248 0146 0126 0128 0348 0217 0437
0138 0248 0339 0229 0128 0348 0337 0149 0129 0349 0329 0147 0127 0347 0038 0438
0229 0339 0138 0248 0149 0129 0349 0329 0128 0348 0219 0038 0438 0258 0119 0159
0245 0243 0134 0345 0255 0154 0143 0233 0343 0253 0335 0153 0353 0444 0224 0246
0246 0147 0347 0257 0248 0146 0236 0337 0157 0348 0258 0336 0156 0356 0138 0358
0248 0149 0349 0348 0258 0339 0159 0138 0358 0229 0269 0048 0268 0129 0147 0329
0251 0150 0240 0151 0160 0241 0340 0161 0341 0270 0050 0230 0252 0271 0170 0460
0255 0154 0253 0245 0364 0263 0153 0353 0243 0345 0163 0143 0343 0454 0252 0455
0257 0156 0356 0246 0255 0267 0157 0166 0366 0146 0245 0167 0147 0347 0345 0276
0258 0269 0159 0268 0358 0248 0369 0149 0349 0348 0279 0459 0257 0058 0458 0179
0160 0270 0251 0161 0150 0271 0170 0151 0171 0460 0240 0262 0461 0241 0180 0050
0251 0161 0271 0262 0160 0151 0270 0171 0252 0162 0150 0170 0152 0372 0461 0241
0364 0263 0255 0154 0253 0163 0374 0273 0175 0375 0153 0353 0373 0284 0064 0262
0255 0364 0175 0166 0375 0366 0276 0154 0374 0156 0356 0376 0245 0267 0263 0284
0267 0166 0366 0276 0257 0167 0156 0356 0255 0376 0157 0177 0175 0375 0466 0246
0273 0282 0372 0262 0271 0283 0373 0263 0162 0171 0183 0383 0163 0161 0252 0472
0284 0374 0273 0175 0375 0384 0283 0364 0373 0263 0385 0183 0383 0163 0074 0474
0175 0375 0276 0284 0374 0385 0376 0384 0364 0186 0386 0166 0366 0295 0255 0075
0276 0287 0177 0267 0187 0376 0387 0167 0288 0178 0378 0268 0186 0386 0166 0366
0279 0288 0178 0378 0268 0179 0188 0379 0269 0287 0177 0267 0189 0389 0369 0187
0270 0180 0271 0170 0190 0390 0171 0191 0391 0080 0480 0282 0160 0470 0161 0071
0271 0282 0270 0180 0171 0191 0391 0170 0190 0390 0372 0392 0283 0080 0480 0161
0284 0385 0295 0175 0384 0375 0195 0276 0186 0395 0386 0374 0194 0376 0396 0085
0287 0276 0186 0386 0187 0387 0297 0376 0396 0385 0295 0177 0197 0397 0175 0375
0288 0279 0189 0389 0188 0179 0379 0399 0178 0378 0269 0489 0089 0287 0268 0488
0190 0390 0191 0391 0180 0270 0271 0491 0091 0170 0080 0480 0392 0282 0171 0470
0191 0391 0190 0390 0392 0282 0180 0271 0491 0091 0293 0270 0171 0393 0283 0092
0293 0392 0282 0393 0283 0191 0391 0183 0383 0092 0492 0273 0093 0194 0190 0372
0295 0194 0284 0293 0195 0395 0384 0393 0283 0385 0183 0383 0094 0095 0374 0484
0297 0396 0295 0197 0397 0287 0186 0195 0386 0395 0187 0387 0385 0276 0496 0497
0288 0297 0399 0188 0197 0397 0287 0189 0389 0187 0387 0098 0498 0279 0099 0178
0399 0288 0189 0389 0188 0279 0099 0297 0498 0098 0179 0197 0379 0489 0089 0397
0301 0400 0200 0401 0201 0410 0100 0320 0402 0510 0202 0421 0511 0111 0412 0520
0303 0402 0202 0301 0403 0203 0313 0412 0401 0201 0413 0502 0102 0322 0304 0503
0304 0205 0315 0415 0406 0206 0414 0214 0416 0216 0505 0105 0325 0303 0504 0104
0406 0206 0407 0207 0317 0416 0216 0205 0315 0417 0217 0415 0106 0304 0308 0426
0407 0207 0317 0308 0406 0206 0417 0217 0416 0216 0418 0106 0427 0409 0517 0117
0308 0409 0419 0219 0418 0509 0329 0508 0407 0119 0229 0207 0317 0417 0217 0129
0320 0410 0301 0400 0200 0421 0401 0201 0510 0330 0511 0111 0520 0322 0412 0230
0301 0320 0410 0421 0401 0322 0201 0412 0400 0200 0222 0402 0202 0511 0111 0313
0313 0322 0412 0413 0303 0222 0402 0202 0301 0403 0203 0421 0401 0201 0512 0112
0315 0324 0414 0214 0304 0313 0325 0415 0224 0413 0303 0225 0205 0403 0203 0114
0317 0416 0216 0315 0417 0426 0217 0226 0406 0325 0415 0206 0427 0407 0207 0225
0418 0308 0317 0329 0419 0219 0417 0217 0229 0409 0427 0407 0207 0119 0339 0128
0329 0419 0219 0418 0308 0229 0409 0339 0119 0317 0129 0417 0509 0217 0128 0438
0320 0421 0322 0330 0431 0222 0410 0230 0412 0232 0121 0301 0341 0520 0340 0511
0322 0313 0324 0413 0222 0233 0224 0412 0232 0414 0214 0434 0123 0343 0303 0325
0426 0336 0226 0325 0317 0427 0416 0337 0216 0315 0236 0225 0335 0417 0217 0437
0317 0427 0337 0426 0417 0226 0336 0217 0437 0416 0216 0236 0418 0438 0127 0347
0329 0418 0229 0339 0438 0317 0427 0337 0419 0219 0417 0217 0437 0128 0348 0308
0330 0431 0341 0340 0441 0320 0230 0421 0241 0232 0322 0240 0242 0222 0130 0343
0322 0232 0343 0233 0242 0222 0431 0341 0443 0243 0441 0421 0241 0330 0533 0313
0343 0233 0443 0232 0322 0243 0434 0324 0242 0222 0444 0224 0533 0313 0353 0335
0335 0434 0324 0435 0345 0444 0325 0224 0343 0233 0245 0225 0443 0243 0134 0336
0339 0348 0438 0337 0349 0329 0248 0437 0347 0229 0427 0538 0138 0358 0336 0418
0343 0242 0341 0443 0243 0353 0232 0452 0441 0252 0241 0233 0253 0431 0251 0142
0345 0444 0343 0335 0434 0245 0454 0443 0243 0353 0435 0455 0255 0233 0253 0324
0347 0446 0336 0246 0356 0345 0337 0236 0335 0245 0437 0457 0257 0435 0455 0255
0340 0460 0251 0341 0240 0461 0441 0241 0550 0150 0330 0551 0151 0560 0160 0470
0251 0341 0461 0340 0441 0452 0241 0252 0460 0240 0262 0242 0551 0151 0353 0550
0353 0452 0252 0253 0343 0262 0242 0251 0341 0463 0263 0443 0243 0461 0441 0241
0364 0454 0353 0455 0255 0345 0444 0253 0343 0245 0463 0263 0443 0243 0374 0154
0455 0255 0345 0356 0364 0454 0366 0245 0444 0466 0446 0246 0375 0555 0335 0353
0356 0457 0257 0347 0358 0366 0267 0458 0258 0348 0466 0446 0246 0268 0248 0157
0358 0369 0459 0349 0458 0469 0258 0348 0269 0268 0248 0379 0159 0339 0558 0378
0460 0461 0470 0270 0251 0471 0271 0560 0160 0340 0561 0161 0341 0550 0150 0480
0461 0460 0251 0471 0271 0262 0372 0470 0270 0452 0252 0472 0561 0161 0341 0560
0262 0372 0353 0463 0452 0263 0373 0252 0472 0461 0253 0473 0273 0251 0471 0271
0353 0463 0263 0373 0364 0262 0372 0253 0473 0273 0374 0452 0252 0472 0454 0474
0364 0375 0366 0455 0374 0255 0475 0356 0466 0376 0454 0474 0476 0276 0565 0385
0366 0267 0356 0466 0457 0376 0257 0358 0268 0378 0476 0276 0458 0258 0387 0167
0369 0358 0268 0378 0469 0458 0269 0379 0258 0267 0459 0279 0457 0257 0348 0366
0470 0270 0471 0480 0271 0460 0461 0390 0170 0372 0391 0571 0171 0180 0472 0560
0471 0271 0372 0470 0270 0461 0472 0480 0460 0282 0262 0391 0571 0171 0373 0390
0376 0387 0378 0386 0476 0487 0276 0366 0287 0267 0466 0488 0288 0268 0577 0397
0480 0390 0470 0391 0270 0471 0271 0491 0180 0170 0460 0372 0190 0282 0392 0571
0391 0480 0471 0390 0271 0491 0372 0282 0392 0470 0270 0472 0492 0383 0180 0571
0383 0372 0282 0392 0373 0472 0283 0393 0492 0391 0473 0273 0293 0471 0271 0491
0389 0378 0488 0288 0387 0379 0489 0399 0498 0487 0287 0397 0279 0497 0297 0188
0395 0384 0393 0295 0385 0484 0284 0293 0383 0283 0374 0194 0396 0392 0375 0195
0399 0498 0397 0389 0488 0497 0288 0297 0387 0489 0487 0287 0378 0598 0396 0379
0304 0504 0414 0403 0505 0415 0303 0503 0413 0315 0515 0313 0406 0402 0605 0205
0505 0415 0406 0304 0504 0414 0315 0515 0416 0605 0205 0407 0403 0325 0303 0525
0409 0308 0508 0418 0407 0509 0419 0417 0317 0517 0608 0406 0609 0607 0416 0427
0410 0421 0511 0401 0412 0510 0400 0301 0512 0402 0320 0520 0322 0502 0611 0431
0421 0410 0320 0520 0431 0510 0330 0511 0620 0400 0401 0441 0610 0340 0412 0322
0412 0322 0421 0413 0512 0431 0313 0533 0511 0622 0222 0402 0623 0443 0403 0612
0413 0412 0322 0313 0533 0414 0324 0524 0434 0512 0623 0403 0443 0421 0622 0222
0414 0324 0524 0434 0415 0325 0525 0435 0413 0315 0515 0335 0313 0533 0624 0224
0415 0325 0525 0435 0426 0414 0324 0315 0524 0434 0515 0335 0416 0336 0625 0225
0418 0438 0427 0419 0329 0417 0538 0437 0339 0317 0517 0337 0537 0426 0409 0229
0419 0329 0418 0438 0339 0538 0409 0229 0427 0619 0219 0349 0417 0639 0509 0437
0431 0330 0441 0340 0421 0540 0320 0520 0341 0630 0410 0230 0640 0240 0620 0510
0431 0443 0533 0322 0441 0421 0343 0341 0632 0412 0232 0452 0434 0413 0233 0642
0443 0533 0434 0343 0444 0322 0324 0524 0413 0233 0431 0435 0632 0412 0232 0452
0437 0336 0446 0426 0435 0337 0537 0427 0546 0335 0347 0345 0325 0525 0416 0236
0438 0339 0349 0538 0329 0348 0639 0419 0459 0437 0418 0458 0337 0229 0537 0427
0441 0340 0540 0431 0341 0330 0550 0551 0640 0240 0460 0641 0241 0421 0461 0630
0443 0452 0441 0343 0341 0431 0533 0353 0553 0551 0642 0242 0444 0243 0463 0632
0444 0435 0345 0455 0446 0434 0335 0454 0555 0546 0336 0356 0556 0645 0245 0443
0446 0347 0437 0457 0337 0546 0537 0438 0348 0458 0336 0356 0556 0538 0358 0558
0348 0438 0458 0349 0459 0538 0358 0437 0347 0558 0457 0339 0337 0537 0648 0248
0349 0459 0438 0348 0339 0458 0538 0358 0558 0469 0648 0248 0639 0329 0369 0347
0460 0550 0461 0551 0441 0560 0340 0540 0561 0341 0470 0452 0651 0471 0251 0431
0461 0551 0441 0452 0460 0550 0561 0341 0560 0340 0540 0562 0651 0471 0251 0431
0452 0463 0353 0553 0443 0454 0563 0343 0444 0562 0364 0564 0473 0253 0455 0472
0457 0466 0356 0556 0446 0455 0366 0566 0546 0555 0347 0565 0345 0476 0454 0458
0463 0452 0562 0472 0461 0563 0473 0372 0561 0471 0353 0553 0373 0573 0551 0571
0454 0364 0564 0474 0463 0455 0565 0475 0374 0574 0563 0473 0555 0375 0353 0553
0455 0565 0475 0466 0454 0364 0564 0474 0555 0375 0366 0566 0476 0374 0574 0356
0466 0457 0366 0566 0476 0458 0577 0356 0556 0376 0358 0558 0378 0667 0487 0267
0469 0458 0459 0369 0358 0569 0558 0378 0457 0379 0579 0577 0488 0268 0466 0669
0476 0487 0577 0376 0387 0466 0488 0378 0386 0586 0366 0566 0457 0497 0475 0676
0488 0378 0489 0379 0579 0469 0487 0577 0389 0369 0569 0387 0458 0498 0476 0459
0489 0379 0579 0469 0488 0378 0389 0369 0569 0459 0279 0498 0458 0399 0487 0669
0480 0471 0491 0470 0571 0391 0472 0591 0492 0390 0372 0392 0592 0681 0461 0680
0472 0492 0473 0383 0372 0392 0471 0592 0491 0373 0573 0393 0593 0571 0391 0591
0473 0383 0484 0472 0373 0492 0573 0393 0474 0593 0384 0372 0392 0592 0374 0574
0484 0475 0385 0585 0474 0384 0375 0395 0476 0386 0586 0496 0374 0574 0376 0396
0487 0476 0386 0586 0496 0387 0376 0497 0396 0475 0385 0585 0577 0397 0597 0375
0491 0390 0480 0391 0591 0690 0470 0492 0691 0471 0392 0680 0592 0681 0571 0270
0492 0393 0593 0392 0592 0383 0484 0384 0693 0473 0293 0491 0472 0373 0391 0395
0484 0395 0384 0393 0593 0385 0585 0383 0474 0496 0492 0475 0295 0374 0396 0392
0395 0496 0484 0385 0396 0585 0384 0386 0586 0475 0295 0497 0474 0375 0397 0393
0498 0399 0489 0598 0488 0389 0699 0497 0698 0379 0397 0579 0597 0487 0378 0688
0600 0400 0510 0401 0511 0610 0410 0611 0520 0700 0502 0301 0701 0620 0602 0402
0401 0511 0502 0600 0400 0510 0611 0602 0402 0512 0610 0410 0612 0412 0301 0701
0606 0406 0505 0607 0407 0517 0616 0605 0416 0515 0417 0415 0504 0508 0608 0426
0607 0407 0517 0508 0606 0406 0608 0417 0616 0416 0418 0505 0509 0627 0605 0609
0512 0413 0503 0612 0623 0412 0502 0614 0403 0524 0414 0504 0622 0602 0402 0624
0515 0614 0524 0414 0504 0525 0624 0415 0505 0413 0503 0625 0605 0623 0403 0512
0517 0616 0416 0515 0417 0426 0606 0525 0406 0415 0505 0627 0427 0607 0407 0625
0418 0508 0517 0619 0419 0509 0608 0417 0609 0409 0627 0427 0607 0407 0538 0718
0619 0419 0509 0418 0508 0609 0409 0608 0719 0517 0538 0718 0639 0329 0729 0709
0520 0511 0421 0620 0510 0611 0622 0431 0512 0610 0630 0410 0612 0632 0412 0320
0622 0512 0623 0612 0533 0632 0412 0511 0421 0413 0611 0431 0322 0502 0524 0520
0623 0533 0524 0622 0512 0413 0624 0612 0632 0412 0614 0634 0414 0434 0503 0723
0426 0525 0627 0517 0616 0427 0537 0416 0625 0515 0637 0417 0437 0415 0435 0546
0627 0517 0427 0537 0426 0637 0417 0437 0538 0616 0416 0418 0438 0727 0525 0546
0538 0418 0627 0517 0438 0427 0537 0619 0639 0419 0637 0417 0437 0508 0329 0509
0619 0538 0639 0419 0418 0438 0329 0509 0729 0508 0609 0719 0627 0517 0339 0409
0630 0540 0520 0640 0431 0620 0641 0441 0421 0330 0510 0550 0730 0511 0551 0610
0431 0630 0540 0641 0520 0441 0632 0421 0640 0620 0642 0622 0511 0551 0533 0330
0533 0632 0642 0622 0431 0623 0443 0641 0441 0421 0512 0732 0553 0733 0612 0742
0634 0434 0524 0533 0435 0525 0624 0444 0645 0625 0623 0443 0335 0515 0735 0555
0435 0525 0634 0645 0434 0524 0625 0546 0624 0444 0646 0446 0426 0335 0515 0555
0537 0546 0637 0646 0437 0446 0426 0435 0525 0647 0627 0427 0645 0625 0336 0556
0538 0639 0438 0648 0339 0739 0537 0738 0558 0619 0349 0659 0637 0419 0329 0459
0540 0641 0441 0551 0640 0550 0431 0651 0642 0630 0632 0452 0341 0561 0340 0520
0642 0533 0632 0443 0553 0641 0452 0441 0551 0431 0651 0562 0742 0540 0343 0563
0533 0443 0553 0642 0444 0632 0452 0634 0434 0654 0454 0343 0563 0743 0562 0742
0444 0645 0634 0555 0434 0654 0533 0454 0443 0553 0435 0455 0524 0564 0744 0546
0645 0555 0546 0444 0435 0646 0455 0446 0556 0634 0434 0654 0454 0345 0525 0565
0546 0647 0537 0646 0637 0446 0556 0437 0657 0648 0538 0457 0558 0438 0658 0458
0648 0538 0558 0438 0658 0647 0537 0458 0639 0659 0459 0637 0437 0657 0457 0348
0648 0538 0639 0558 0659 0459 0438 0658 0458 0349 0569 0348 0748 0339 0669 0739
0553 0562 0452 0551 0563 0642 0651 0561 0663 0463 0443 0661 0461 0641 0441 0752
0555 0564 0654 0454 0553 0565 0455 0563 0444 0645 0663 0463 0443 0574 0754 0556
0556 0657 0457 0558 0566 0667 0546 0647 0658 0458 0666 0466 0646 0446 0648 0577
0558 0569 0659 0459 0658 0669 0458 0469 0648 0579 0759 0358 0758 0538 0369 0769
0566 0667 0577 0666 0556 0657 0466 0457 0558 0676 0476 0658 0458 0569 0565 0586
0569 0558 0669 0658 0469 0579 0458 0667 0577 0659 0459 0657 0457 0768 0566 0369
0571 0470 0560 0671 0680 0471 0561 0480 0460 0681 0661 0461 0550 0770 0591 0551
0573 0672 0472 0562 0571 0473 0563 0671 0471 0561 0683 0663 0463 0681 0661 0461
0574 0585 0675 0475 0565 0674 0685 0474 0564 0676 0586 0476 0566 0684 0484 0686
0577 0586 0676 0476 0566 0686 0666 0675 0585 0466 0475 0565 0487 0667 0685 0376
0579 0577 0688 0569 0488 0489 0669 0469 0487 0667 0598 0378 0558 0379 0779 0698
0680 0480 0681 0571 0591 0470 0690 0671 0471 0691 0491 0560 0780 0561 0770 0460
0571 0681 0591 0680 0671 0480 0471 0691 0491 0592 0470 0690 0672 0472 0492 0561
0592 0683 0573 0672 0593 0472 0681 0571 0492 0591 0473 0693 0671 0471 0691 0491
0573 0683 0593 0592 0473 0693 0684 0574 0484 0672 0472 0492 0674 0474 0383 0563
0585 0684 0574 0484 0685 0674 0474 0683 0573 0593 0675 0475 0473 0693 0564 0384
0586 0577 0487 0597 0686 0688 0497 0488 0598 0676 0476 0496 0698 0498 0387 0585
0688 0488 0598 0579 0489 0698 0577 0498 0487 0597 0699 0497 0788 0586 0389 0569
0579 0489 0688 0488 0598 0699 0698 0498 0389 0569 0788 0379 0669 0779 0577 0469
0591 0690 0691 0491 0680 0480 0681 0390 0790 0592 0391 0571 0791 0470 0780 0492
0593 0585 0684 0693 0484 0685 0683 0574 0794 0592 0395 0795 0674 0474 0384 0784
0585 0685 0496 0586 0684 0484 0686 0395 0795 0597 0593 0574 0794 0675 0693 0475
0597 0496 0586 0497 0686 0585 0487 0685 0396 0598 0397 0577 0676 0698 0476 0386
0598 0699 0698 0498 0489 0688 0488 0399 0579 0597 0389 0497 0788 0487 0379 0779
0600 0611 0701 0602 0610 0700 0511 0502 0612 0702 0510 0512 0712 0401 0801 0400
0602 0503 0502 0612 0702 0504 0614 0704 0512 0712 0403 0623 0803 0605 0402 0622
0605 0504 0614 0704 0505 0503 0515 0624 0804 0606 0602 0625 0805 0524 0502 0414
0612 0623 0614 0512 0622 0602 0712 0503 0723 0624 0502 0702 0524 0504 0724 0704
0614 0515 0625 0605 0616 0624 0525 0505 0725 0606 0524 0504 0724 0704 0726 0415
0616 0517 0627 0607 0606 0727 0608 0718 0726 0508 0417 0637 0619 0416 0427 0537
0619 0608 0718 0609 0719 0508 0517 0627 0607 0509 0729 0709 0727 0418 0818 0616
0620 0611 0622 0520 0610 0511 0630 0720 0612 0632 0510 0730 0512 0712 0732 0421
0627 0616 0726 0625 0637 0727 0525 0736 0725 0517 0537 0515 0735 0426 0606 0646
0627 0619 0639 0729 0538 0718 0738 0637 0727 0719 0739 0517 0537 0608 0648 0828
0619 0639 0729 0719 0739 0538 0718 0738 0609 0627 0648 0608 0828 0419 0509 0819
0630 0641 0632 0640 0620 0730 0642 0622 0732 0540 0520 0720 0742 0431 0611 0831
0632 0533 0623 0733 0634 0642 0622 0732 0743 0723 0624 0742 0524 0744 0724 0833
0634 0645 0625 0735 0624 0525 0646 0725 0736 0524 0744 0724 0546 0746 0726 0435
0637 0646 0736 0537 0647 0546 0627 0746 0645 0726 0625 0735 0747 0727 0525 0725
0639 0538 0648 0738 0637 0739 0748 0537 0647 0627 0729 0747 0727 0438 0658 0838
0642 0743 0632 0533 0742 0553 0733 0634 0654 0744 0732 0752 0754 0443 0623 0663
0645 0634 0654 0744 0754 0743 0555 0735 0755 0533 0553 0733 0444 0624 0844 0646
0648 0639 0659 0658 0748 0739 0759 0538 0558 0738 0758 0669 0647 0848 0569 0839
0651 0550 0640 0750 0661 0551 0560 0641 0751 0540 0760 0561 0630 0850 0671 0851
0642 0752 0651 0553 0663 0562 0762 0661 0551 0742 0641 0751 0563 0763 0743 0561
0553 0663 0654 0563 0642 0752 0763 0743 0754 0562 0762 0742 0564 0744 0853 0651
0654 0555 0645 0755 0565 0754 0765 0556 0666 0646 0756 0564 0744 0566 0546 0766
0657 0666 0556 0646 0756 0667 0566 0647 0546 0766 0555 0746 0645 0755 0747 0565
0661 0560 0760 0561 0651 0550 0671 0750 0770 0551 0571 0751 0771 0460 0680 0640
0663 0562 0672 0762 0661 0563 0763 0752 0561 0651 0772 0671 0553 0573 0551 0571
0564 0654 0674 0663 0565 0675 0765 0574 0754 0563 0763 0555 0755 0775 0553 0573
0565 0675 0765 0666 0654 0564 0555 0674 0755 0566 0775 0676 0766 0574 0754 0556
0669 0658 0768 0667 0569 0659 0558 0769 0758 0657 0579 0759 0779 0577 0688 0648
0671 0680 0770 0681 0571 0661 0771 0560 0780 0760 0561 0470 0690 0870 0672 0471
0672 0573 0683 0663 0674 0772 0563 0684 0574 0763 0562 0782 0762 0564 0784 0473
0676 0577 0667 0686 0666 0776 0688 0586 0566 0786 0766 0788 0768 0657 0877 0675
0688 0579 0669 0779 0788 0577 0768 0667 0569 0769 0658 0698 0878 0676 0659 0699
0579 0669 0779 0688 0569 0769 0788 0768 0659 0699 0658 0698 0878 0489 0889 0577
0683 0672 0782 0681 0693 0592 0772 0671 0691 0573 0593 0793 0571 0591 0771 0791
0686 0688 0586 0676 0577 0786 0597 0698 0788 0776 0598 0487 0667 0887 0685 0666
0688 0699 0579 0698 0788 0779 0598 0489 0669 0889 0488 0888 0569 0769 0878 0498
0693 0592 0691 0593 0683 0793 0591 0782 0681 0791 0492 0672 0690 0772 0882 0680
0684 0794 0693 0685 0795 0593 0784 0683 0793 0585 0785 0674 0675 0574 0592 0484
0685 0795 0684 0794 0585 0785 0686 0784 0586 0786 0675 0693 0674 0597 0593 0775
0686 0597 0586 0786 0685 0795 0585 0785 0496 0676 0698 0497 0897 0598 0776 0886
0597 0698 0686 0598 0688 0586 0786 0788 0497 0897 0699 0496 0676 0577 0487 0887
0702 0803 0704 0712 0602 0804 0812 0612 0814 0614 0723 0503 0701 0502 0801 0805
0704 0805 0605 0804 0815 0806 0606 0814 0614 0616 0905 0725 0505 0724 0504 0825
0806 0606 0807 0607 0805 0616 0605 0815 0906 0726 0704 0727 0804 0808 0718 0905
0807 0607 0806 0606 0808 0718 0608 0616 0818 0727 0709 0906 0726 0805 0809 0627
0709 0808 0718 0608 0809 0719 0609 0818 0807 0607 0819 0619 0908 0508 0909 0729
0720 0700 0610 0701 0611 0620 0600 0821 0801 0730 0510 0712 0911 0511 0830 0520
0701 0611 0712 0720 0821 0700 0610 0801 0812 0702 0612 0620 0600 0622 0602 0911
0712 0723 0812 0702 0612 0803 0623 0814 0724 0704 0614 0622 0602 0804 0624 0913
0814 0724 0704 0614 0815 0725 0804 0624 0723 0825 0805 0625 0605 0803 0623 0712
0815 0725 0814 0724 0825 0704 0614 0805 0625 0726 0605 0616 0804 0624 0806 0606
0726 0616 0727 0806 0815 0725 0606 0807 0627 0607 0825 0805 0625 0605 0736 0718
0727 0718 0726 0616 0807 0627 0818 0607 0806 0606 0828 0808 0608 0517 0719 0736
0720 0821 0730 0620 0831 0611 0712 0732 0622 0830 0610 0630 0812 0612 0632 0921
0723 0712 0732 0622 0812 0733 0623 0612 0821 0632 0833 0831 0611 0702 0742 0720
0729 0828 0718 0738 0727 0719 0818 0739 0838 0627 0819 0839 0619 0639 0637 0928
0730 0831 0732 0830 0841 0720 0630 0821 0641 0742 0632 0840 0640 0620 0842 0642
0735 0834 0744 0724 0634 0733 0835 0844 0725 0833 0743 0624 0723 0825 0645 0625
0736 0747 0727 0637 0738 0746 0847 0726 0647 0838 0748 0627 0846 0646 0848 0828
0840 0730 0750 0640 0841 0830 0751 0641 0850 0630 0831 0851 0651 0940 0720 0760
0841 0751 0641 0742 0840 0730 0831 0750 0640 0851 0842 0732 0651 0752 0642 0830
0744 0735 0755 0645 0746 0844 0835 0754 0855 0846 0736 0756 0646 0834 0854 0634
0748 0739 0759 0848 0738 0839 0758 0648 0639 0659 0838 0858 0658 0729 0769 0747
0752 0853 0763 0743 0754 0762 0863 0742 0843 0663 0854 0744 0654 0862 0842 0642
0756 0857 0747 0657 0758 0766 0856 0746 0847 0667 0858 0768 0647 0748 0658 0846
0760 0751 0861 0771 0661 0762 0750 0860 0851 0770 0871 0651 0862 0752 0671 0772
0765 0864 0754 0763 0755 0854 0775 0874 0654 0863 0674 0663 0855 0875 0675 0853
0766 0667 0768 0756 0857 0776 0666 0877 0657 0758 0856 0876 0676 0858 0878 0658
0772 0873 0763 0782 0762 0672 0863 0683 0784 0874 0663 0674 0882 0862 0864 0684
0775 0874 0784 0674 0785 0875 0765 0675 0864 0684 0873 0763 0885 0685 0863 0683
0776 0877 0786 0876 0887 0766 0676 0788 0878 0667 0768 0886 0686 0666 0888 0688
0779 0878 0788 0768 0888 0769 0688 0877 0889 0869 0669 0887 0667 0758 0776 0979
0780 0771 0791 0681 0782 0770 0880 0871 0790 0680 0891 0671 0772 0882 0691 0870
0782 0793 0683 0784 0772 0882 0873 0693 0794 0684 0672 0874 0674 0763 0983 0785
0786 0887 0788 0776 0886 0877 0686 0897 0888 0688 0876 0676 0878 0898 0698 0987
0788 0889 0779 0888 0688 0699 0878 0898 0698 0769 0988 0768 0979 0869 0579 0887
0793 0782 0791 0693 0882 0891 0691 0683 0681 0772 0992 0592 0794 0790 0993 0593
0786 0795 0897 0886 0686 0785 0887 0885 0685 0996 0776 0794 0597 0876 0898 0676
0897 0786 0887 0898 0788 0698 0886 0686 0888 0688 0597 0795 0776 0996 0877 0987
0898 0788 0698 0699 0888 0897 0688 0889 0887 0598 0779 0999 0878 0988 0786 0597
0699 0898 0788 0698 0889 0888 0688 0779 0999 0598 0897 0878 0988 0887 0979 0579
0801 0700 0701 0911 0600 0821 0720 0702 0610 0812 0921 0611 0712 0912 0620 0602
0803 0702 0812 0801 0712 0701 0912 0913 0911 0602 0804 0700 0704 0612 0814 0821
0821 0720 0801 0911 0700 0701 0921 0830 0610 0812 0831 0611 0730 0620 0712 0930
0821 0801 0911 0812 0701 0921 0712 0912 0720 0700 0702 0831 0611 0830 0610 0931
0812 0803 0913 0814 0712 0723 0912 0804 0702 0724 0704 0833 0815 0612 0733 0623
0806 0815 0726 0807 0825 0906 0805 0915 0727 0927 0725 0905 0616 0814 0818 0736
0807 0818 0727 0806 0927 0718 0828 0808 0726 0906 0928 0908 0815 0819 0616 0627
0821 0720 0830 0831 0921 0730 0930 0911 0931 0840 0620 0801 0841 0700 0610 0812
0812 0821 0723 0712 0833 0732 0912 0932 0831 0921 0733 0913 0933 0911 0931 0842
0723 0833 0812 0733 0913 0724 0814 0933 0834 0712 0732 0912 0932 0843 0803 0623
0825 0724 0814 0834 0725 0815 0835 0723 0833 0735 0915 0733 0913 0933 0804 0844
0726 0825 0727 0927 0736 0725 0815 0835 0937 0735 0915 0846 0806 0828 0807 0847
0727 0927 0828 0726 0818 0937 0838 0928 0736 0718 0738 0847 0807 0627 0825 0806
0828 0729 0819 0839 0929 0818 0719 0838 0928 0739 0919 0718 0738 0809 0848 0808
0833 0732 0842 0932 0831 0733 0843 0742 0933 0841 0821 0931 0743 0723 0943 0921
0736 0846 0835 0847 0746 0937 0726 0735 0825 0747 0727 0927 0725 0945 0856 0834
0847 0937 0838 0736 0846 0747 0727 0738 0848 0927 0828 0746 0726 0748 0928 0637
0844 0835 0945 0855 0846 0744 0834 0735 0944 0854 0755 0746 0955 0856 0754 0954
0848 0839 0748 0838 0739 0858 0759 0738 0758 0958 0869 0847 0828 0648 0729 0769
0853 0752 0862 0952 0842 0851 0863 0762 0953 0843 0962 0742 0751 0861 0951 0841
0858 0759 0869 0758 0769 0958 0848 0969 0768 0968 0748 0839 0659 0857 0878 0838
0864 0765 0855 0875 0965 0854 0755 0964 0874 0955 0775 0856 0766 0876 0966 0754
0766 0856 0966 0876 0857 0756 0967 0877 0956 0776 0765 0855 0976 0875 0965 0957
0857 0967 0877 0856 0766 0966 0876 0957 0768 0858 0878 0968 0756 0956 0776 0976
0869 0858 0768 0968 0878 0769 0758 0969 0958 0857 0967 0877 0759 0779 0979 0957
0873 0772 0882 0862 0972 0871 0782 0863 0982 0762 0771 0962 0971 0861 0763 0983
0878 0889 0779 0979 0869 0888 0769 0969 0788 0988 0768 0968 0877 0858 0898 0759
0880 0871 0891 0981 0882 0870 0780 0771 0980 0890 0791 0971 0782 0982 0770 0790
0882 0873 0983 0782 0982 0793 0784 0874 0993 0984 0772 0972 0992 0794 0863 0683
0885 0874 0784 0984 0785 0875 0794 0873 0983 0775 0795 0793 0993 0864 0684 0886
0882 0992 0891 0793 0993 0782 0791 0982 0983 0981 0890 0873 0693 0772 0794 0790
0793 0993 0882 0992 0794 0983 0782 0982 0784 0984 0873 0693 0891 0791 0795 0683
0794 0795 0885 0784 0793 0984 0993 0785 0983 0874 0875 0684 0996 0886 0992 0882
0795 0885 0794 0785 0886 0996 0784 0984 0786 0875 0897 0874 0775 0793 0685 0887
0897 0996 0886 0887 0786 0795 0885 0987 0785 0876 0898 0877 0776 0794 0976 0686
0898 0999 0889 0888 0788 0988 0699 0897 0878 0698 0779 0979 0887 0688 0987 0877
0911 0801 0700 0701 0921 0912 0821 0812 0720 0702 0712 0930 0600 0913 0803 0931
0911 0801 0912 0812 0701 0921 0700 0821 0913 0803 0702 0712 0720 0931 0930 0600
0912 0913 0803 0812 0911 0801 0702 0712 0804 0701 0921 0814 0821 0704 0700 0905
0913 0803 0912 0804 0812 0814 0905 0702 0911 0801 0915 0805 0704 0712 0815 0723
0905 0804 0915 0805 0814 0913 0803 0815 0704 0906 0806 0912 0825 0812 0724 0702
0906 0807 0908 0806 0808 0818 0927 0909 0905 0919 0915 0805 0809 0928 0815 0819
0911 0921 0821 0801 0930 0912 0931 0720 0700 0830 0812 0701 0831 0730 0712 0932
0915 0814 0913 0905 0815 0804 0825 0805 0803 0912 0724 0704 0834 0906 0812 0933
0906 0915 0927 0806 0905 0815 0807 0825 0805 0937 0726 0928 0814 0908 0818 0727
0927 0906 0928 0807 0908 0818 0806 0828 0808 0937 0915 0919 0727 0929 0909 0905
0919 0928 0908 0818 0929 0909 0819 0828 0927 0808 0809 0807 0718 0719 0838 0906
0921 0930 0911 0931 0821 0830 0831 0720 0940 0912 0730 0840 0932 0801 0841 0812
0912 0932 0921 0913 0933 0812 0911 0931 0821 0833 0831 0723 0943 0712 0732 0842
0913 0933 0912 0932 0833 0812 0814 0834 0723 0943 0921 0911 0915 0733 0803 0843
0915 0825 0814 0913 0834 0933 0815 0835 0833 0724 0944 0725 0945 0905 0912 0844
0915 0825 0815 0835 0814 0834 0725 0945 0905 0927 0724 0944 0913 0735 0805 0937
0927 0937 0915 0825 0815 0835 0726 0906 0928 0727 0736 0846 0806 0828 0725 0945
0944 0834 0933 0945 0835 0844 0943 0833 0825 0843 0954 0932 0735 0915 0955 0744
0945 0835 0944 0834 0825 0844 0846 0735 0915 0955 0937 0933 0954 0943 0725 0815
0937 0927 0846 0945 0835 0847 0825 0736 0956 0957 0746 0944 0726 0856 0834 0928
0928 0838 0937 0929 0839 0848 0828 0927 0847 0738 0958 0739 0919 0748 0818 0858
0929 0839 0928 0838 0848 0828 0739 0919 0937 0738 0958 0729 0819 0927 0748 0818
0940 0931 0841 0951 0930 0840 0831 0932 0851 0842 0952 0830 0850 0921 0961 0943
0943 0932 0842 0952 0933 0843 0953 0931 0841 0951 0833 0853 0831 0851 0742 0962
0846 0956 0945 0937 0847 0957 0856 0955 0857 0835 0855 0746 0966 0944 0747 0927
0937 0847 0957 0846 0956 0857 0848 0958 0856 0838 0858 0747 0927 0967 0945 0746
0848 0958 0838 0937 0858 0847 0957 0839 0857 0748 0928 0968 0929 0969 0738 0828
0848 0958 0839 0838 0858 0929 0969 0748 0928 0968 0739 0937 0759 0869 0847 0957
0951 0960 0850 0940 0961 0851 0860 0840 0861 0841 0750 0930 0952 0971 0751 0931
0958 0969 0968 0858 0869 0848 0759 0979 0957 0758 0769 0967 0839 0857 0768 0878
0962 0953 0863 0964 0952 0862 0972 0853 0954 0873 0864 0854 0874 0763 0983 0943
0971 0980 0870 0960 0981 0871 0961 0880 0860 0861 0770 0972 0771 0951 0780 0982
0972 0983 0873 0982 0962 0984 0863 0874 0964 0882 0862 0864 0993 0953 0971 0772
0984 0874 0964 0875 0965 0983 0864 0873 0885 0863 0954 0976 0972 0775 0955 0784
0965 0875 0976 0984 0964 0874 0885 0966 0876 0864 0886 0775 0955 0954 0785 0987
0976 0987 0877 0967 0876 0966 0887 0988 0878 0968 0886 0888 0957 0979 0996 0776
0979 0988 0878 0968 0969 0888 0987 0877 0967 0889 0869 0887 0958 0976 0779 0999
0984 0885 0875 0976 0886 0996 0874 0876 0965 0785 0987 0983 0964 0784 0775 0795
0987 0976 0996 0886 0887 0876 0885 0877 0897 0875 0786 0966 0984 0988 0967 0776
0988 0979 0889 0999 0888 0878 0898 0969 0987 0968 0788 0779 0869 0887 0877 0897
0890 0980 0891 0981 0880 0790 0992 0971 0791 0780 0870 0982 0871 0882 0770 0972
0981 0891 0992 0980 0890 0982 0880 0882 0971 0791 0993 0790 0871 0983 0972 0870
0984 0993 0983 0885 0794 0996 0992 0795 0784 0874 0982 0793 0785 0875 0886 0882
0996 0984 0885 0886 0795 0993 0794 0785 0875 0987 0897 0976 0983 0784 0874 0887
0996 0987 0897 0887 0988 0898 0886 0888 0999 0976 0877 0786 0876 0889 0885 0788
0999 0988 0898 0888 0897 0987 0889 0887 0996 0979 0788 0878 0886 0877 0976 0779
