0012 0102 0001 0103 0013 0112 0011 0113 0111 0022 0202 0000 0004 0203 0122 0212
0013 0103 0004 0012 0102 0113 0104 0014 0112 0114 0203 0001 0022 0202 0123 0011
0004 0105 0015 0006 0104 0014 0115 0016 0106 0114 0116 0205 0007 0024 0125 0017
0011 0020 0000 0021 0001 0111 0100 0121 0012 0211 0220 0022 0130 0200 0112 0131
0022 0013 0123 0024 0012 0032 0122 0113 0014 0133 0034 0124 0112 0132 0114 0134
0024 0015 0035 0125 0026 0014 0034 0124 0115 0016 0135 0036 0126 0114 0134 0116
0028 0019 0129 0018 0038 0128 0119 0118 0138 0229 0009 0027 0008 0048 0228 0219
0040 0020 0130 0041 0021 0131 0140 0121 0230 0050 0032 0011 0051 0240 0042 0220
0041 0021 0131 0032 0040 0020 0130 0121 0042 0022 0132 0140 0142 0122 0011 0051
0032 0043 0133 0034 0042 0022 0132 0143 0123 0024 0134 0142 0122 0144 0124 0013
0038 0048 0028 0138 0149 0129 0148 0128 0019 0239 0037 0018 0238 0058 0047 0119
0045 0034 0144 0043 0035 0145 0134 0154 0143 0053 0135 0155 0133 0153 0024 0064
0048 0149 0038 0148 0058 0159 0138 0069 0047 0028 0248 0068 0239 0037 0129 0169
0064 0154 0053 0155 0045 0164 0144 0153 0043 0145 0163 0143 0074 0034 0056 0052
0155 0045 0056 0064 0154 0145 0156 0046 0164 0144 0166 0146 0075 0255 0035 0057
0058 0069 0159 0068 0048 0169 0149 0148 0079 0057 0258 0038 0269 0179 0157 0047
0061 0050 0160 0051 0161 0071 0150 0170 0151 0171 0080 0040 0062 0081 0041 0250
0062 0053 0163 0073 0064 0052 0162 0153 0173 0164 0074 0152 0172 0154 0083 0263
0064 0075 0164 0074 0155 0056 0175 0166 0154 0156 0176 0085 0045 0264 0255 0057
0056 0166 0057 0167 0156 0176 0075 0157 0177 0155 0175 0046 0064 0068 0087 0267
0057 0167 0068 0056 0166 0157 0058 0177 0156 0176 0178 0087 0267 0047 0069 0046
0071 0080 0170 0081 0171 0061 0180 0160 0181 0161 0090 0050 0270 0091 0051 0271
0073 0172 0062 0071 0083 0173 0182 0081 0162 0171 0061 0183 0163 0181 0161 0092
0176 0075 0087 0177 0186 0085 0166 0175 0187 0167 0185 0056 0276 0074 0057 0156
0087 0177 0176 0187 0167 0178 0068 0186 0166 0188 0057 0079 0075 0056 0276 0287
0079 0178 0068 0089 0179 0069 0188 0087 0177 0189 0169 0187 0167 0098 0058 0278
0083 0182 0092 0081 0073 0183 0093 0172 0071 0181 0091 0173 0193 0171 0191 0062
0085 0074 0094 0083 0075 0185 0095 0073 0194 0183 0093 0175 0195 0173 0193 0064
0087 0186 0085 0187 0176 0075 0196 0185 0095 0177 0197 0175 0195 0287 0276 0074
0089 0188 0098 0087 0079 0189 0099 0178 0187 0179 0177 0197 0068 0288 0069 0278
0196 0095 0197 0087 0186 0195 0085 0187 0185 0094 0098 0297 0176 0194 0075 0295
0197 0087 0098 0196 0187 0186 0188 0297 0095 0099 0177 0287 0195 0089 0085 0176
0100 0201 0111 0001 0102 0200 0000 0211 0202 0011 0112 0212 0012 0301 0121 0103
0106 0207 0007 0117 0108 0206 0006 0116 0217 0017 0008 0118 0216 0016 0018 0127
0108 0119 0009 0008 0118 0219 0019 0018 0129 0308 0128 0229 0207 0007 0117 0228
0111 0100 0211 0121 0220 0011 0020 0200 0000 0021 0201 0001 0130 0112 0311 0131
0121 0220 0130 0020 0111 0131 0021 0230 0211 0011 0320 0140 0100 0122 0200 0240
0236 0146 0126 0036 0135 0147 0246 0127 0037 0226 0046 0145 0026 0125 0035 0227
0147 0127 0037 0138 0236 0146 0126 0036 0227 0047 0238 0148 0027 0128 0038 0246
0138 0239 0149 0129 0238 0148 0128 0038 0229 0248 0228 0048 0028 0339 0119 0159
0140 0241 0131 0041 0151 0142 0240 0130 0040 0150 0251 0242 0132 0051 0042 0152
0159 0258 0058 0148 0157 0169 0268 0149 0068 0248 0167 0257 0048 0057 0147 0269
0164 0155 0175 0166 0154 0264 0255 0064 0156 0075 0176 0274 0074 0056 0276 0185
0169 0268 0068 0178 0167 0159 0269 0258 0069 0179 0058 0278 0157 0267 0177 0279
0175 0274 0074 0164 0173 0185 0284 0075 0264 0183 0273 0064 0073 0163 0285 0085
0185 0284 0194 0183 0175 0285 0274 0085 0195 0074 0173 0283 0094 0083 0193 0075
0193 0092 0182 0191 0293 0093 0183 0282 0291 0091 0181 0283 0083 0081 0172 0392
0098 0188 0197 0099 0189 0288 0297 0187 0089 0287 0087 0178 0196 0179 0399 0278
0099 0189 0098 0188 0089 0288 0179 0399 0197 0178 0279 0297 0079 0389 0187 0278
0205 0104 0304 0214 0203 0105 0114 0103 0303 0115 0315 0113 0313 0404 0224 0004
0108 0308 0207 0219 0118 0217 0119 0117 0317 0008 0228 0206 0009 0229 0409 0128
0219 0108 0308 0119 0118 0229 0009 0409 0207 0008 0228 0129 0329 0019 0419 0217
0211 0220 0200 0111 0311 0201 0320 0100 0300 0121 0301 0230 0410 0212 0011 0130
0212 0113 0223 0313 0203 0214 0112 0222 0123 0202 0103 0114 0224 0303 0122 0322
0214 0115 0225 0315 0205 0216 0114 0224 0125 0325 0105 0116 0226 0316 0206 0124
0219 0118 0228 0217 0119 0229 0128 0108 0227 0117 0308 0317 0207 0129 0329 0127
0220 0121 0211 0222 0111 0230 0320 0311 0131 0212 0122 0322 0232 0130 0330 0112
0230 0131 0241 0232 0130 0240 0330 0220 0121 0341 0132 0242 0222 0140 0340 0320
0234 0135 0245 0225 0335 0236 0134 0145 0224 0334 0125 0345 0246 0325 0226 0336
0236 0227 0337 0238 0246 0147 0226 0336 0127 0347 0138 0248 0338 0228 0146 0126
0245 0144 0234 0243 0145 0134 0345 0255 0334 0154 0143 0233 0354 0343 0253 0135
0246 0147 0347 0257 0248 0146 0236 0337 0157 0148 0238 0348 0258 0336 0156 0356
0248 0149 0239 0349 0148 0238 0348 0258 0339 0159 0359 0138 0338 0358 0449 0229
0255 0264 0154 0354 0253 0155 0164 0245 0364 0144 0263 0153 0353 0243 0145 0345
0257 0156 0356 0246 0255 0267 0157 0166 0366 0146 0155 0245 0167 0367 0147 0347
0258 0269 0159 0359 0268 0169 0358 0248 0369 0149 0349 0368 0148 0348 0279 0459
0250 0160 0360 0270 0251 0161 0150 0271 0170 0151 0171 0460 0240 0262 0461 0061
0251 0161 0271 0262 0250 0160 0151 0360 0270 0171 0252 0162 0362 0272 0150 0170
0264 0255 0164 0155 0364 0274 0175 0166 0375 0366 0276 0154 0354 0374 0156 0356
0267 0166 0366 0276 0257 0167 0156 0367 0356 0176 0255 0376 0157 0177 0155 0175
0274 0285 0175 0375 0276 0284 0185 0374 0264 0385 0176 0376 0384 0164 0364 0186
0276 0287 0177 0267 0278 0176 0187 0376 0387 0167 0288 0178 0367 0378 0268 0186
0270 0180 0290 0271 0181 0170 0291 0190 0390 0171 0191 0391 0480 0080 0282 0081
0271 0181 0291 0282 0270 0180 0171 0290 0191 0272 0182 0391 0170 0190 0390 0172
0287 0276 0186 0386 0285 0187 0176 0387 0297 0376 0196 0185 0396 0385 0295 0177
0288 0279 0189 0389 0278 0188 0179 0388 0379 0399 0178 0378 0269 0489 0089 0287
0293 0392 0282 0291 0193 0393 0283 0182 0191 0391 0183 0383 0181 0272 0492 0092
0295 0194 0394 0284 0293 0195 0395 0285 0193 0384 0393 0283 0185 0385 0183 0383
0297 0196 0396 0295 0197 0397 0287 0186 0195 0386 0395 0285 0187 0387 0185 0385
0288 0297 0399 0188 0197 0388 0397 0287 0189 0389 0187 0387 0278 0498 0098 0279
0399 0288 0189 0389 0188 0388 0279 0099 0297 0278 0098 0498 0179 0197 0379 0489
0304 0405 0205 0315 0404 0415 0406 0206 0316 0414 0214 0416 0216 0505 0105 0325
0406 0206 0316 0407 0207 0317 0416 0405 0216 0205 0315 0417 0217 0415 0506 0106
0407 0207 0317 0308 0406 0206 0316 0417 0217 0416 0216 0418 0507 0506 0106 0326
0308 0409 0419 0219 0418 0509 0329 0508 0108 0407 0119 0229 0207 0317 0428 0518
0311 0320 0410 0300 0420 0211 0301 0220 0400 0200 0421 0401 0201 0510 0330 0511
0313 0322 0412 0212 0302 0311 0413 0422 0303 0222 0402 0202 0211 0301 0423 0223
0315 0324 0414 0214 0304 0313 0325 0415 0424 0224 0404 0413 0303 0225 0405 0205
0418 0308 0317 0329 0419 0428 0219 0228 0417 0217 0229 0409 0427 0227 0407 0207
0329 0419 0219 0418 0308 0229 0409 0428 0228 0119 0339 0317 0518 0338 0118 0129
0320 0311 0421 0322 0420 0330 0220 0211 0431 0422 0222 0410 0230 0412 0212 0232
0322 0313 0423 0223 0324 0422 0413 0222 0433 0233 0424 0224 0334 0412 0212 0232
0326 0317 0427 0227 0337 0316 0426 0417 0226 0336 0217 0437 0428 0338 0228 0416
0329 0428 0338 0228 0418 0339 0229 0438 0317 0427 0238 0337 0227 0419 0219 0239
0330 0341 0431 0340 0441 0320 0230 0241 0421 0342 0232 0322 0440 0420 0240 0220
0342 0322 0232 0433 0343 0442 0233 0422 0242 0222 0341 0431 0443 0423 0243 0223
0343 0433 0233 0334 0342 0443 0232 0322 0423 0243 0223 0434 0234 0324 0442 0242
0345 0444 0334 0354 0343 0335 0434 0245 0234 0454 0443 0243 0353 0435 0455 0255
0347 0336 0446 0246 0356 0345 0447 0337 0236 0456 0335 0245 0437 0457 0257 0435
0360 0450 0250 0340 0460 0251 0341 0440 0240 0461 0441 0241 0550 0150 0330 0352
0251 0341 0352 0360 0450 0461 0250 0340 0441 0362 0452 0241 0252 0342 0460 0440
0354 0455 0255 0345 0356 0364 0454 0366 0456 0245 0464 0264 0444 0466 0446 0246
0356 0367 0457 0257 0347 0358 0366 0456 0467 0267 0447 0368 0458 0258 0348 0466
0360 0461 0362 0460 0251 0471 0352 0271 0262 0372 0450 0250 0470 0270 0452 0252
0362 0353 0463 0263 0373 0364 0352 0453 0262 0372 0253 0473 0354 0464 0273 0264
0364 0375 0366 0354 0464 0455 0264 0374 0255 0475 0356 0466 0376 0454 0474 0274
0470 0270 0360 0471 0480 0271 0460 0461 0390 0170 0372 0391 0571 0171 0580 0180
0471 0271 0372 0470 0270 0360 0461 0472 0272 0362 0480 0460 0482 0282 0262 0391
0376 0387 0477 0367 0378 0386 0476 0487 0276 0366 0287 0467 0388 0478 0267 0278
0480 0390 0470 0391 0270 0490 0290 0471 0271 0491 0291 0360 0580 0180 0581 0181
0391 0480 0471 0390 0271 0491 0372 0482 0291 0282 0392 0470 0270 0490 0290 0472
0383 0372 0482 0282 0392 0373 0483 0472 0283 0393 0272 0492 0391 0473 0273 0293
0399 0498 0388 0397 0389 0488 0497 0288 0297 0387 0489 0487 0287 0378 0598 0396
0409 0308 0508 0418 0407 0509 0419 0518 0507 0417 0317 0517 0608 0428 0406 0609
0410 0421 0311 0511 0401 0412 0420 0510 0400 0301 0501 0422 0512 0402 0320 0520
0424 0415 0325 0525 0435 0426 0414 0324 0315 0524 0434 0515 0335 0416 0326 0334
0428 0419 0329 0418 0438 0339 0539 0518 0338 0538 0629 0449 0229 0409 0427 0628
0431 0440 0330 0530 0420 0441 0340 0531 0421 0540 0320 0520 0341 0541 0630 0410
0433 0442 0532 0422 0431 0443 0342 0533 0423 0322 0441 0531 0421 0343 0523 0341
0437 0336 0446 0426 0435 0337 0447 0537 0427 0546 0326 0335 0347 0547 0345 0545
0438 0449 0339 0539 0338 0448 0349 0538 0428 0329 0348 0639 0419 0239 0459 0437
0444 0435 0345 0545 0455 0446 0434 0335 0454 0555 0546 0456 0334 0354 0336 0356
0450 0461 0551 0441 0452 0460 0550 0440 0561 0341 0352 0541 0552 0442 0360 0560
0463 0452 0362 0562 0472 0461 0453 0352 0563 0473 0552 0372 0572 0561 0471 0353
0464 0455 0565 0475 0466 0454 0364 0564 0474 0555 0375 0456 0366 0566 0476 0354
0478 0489 0379 0579 0469 0488 0378 0389 0468 0369 0569 0388 0588 0368 0568 0459
0480 0471 0581 0491 0482 0470 0580 0490 0571 0391 0472 0591 0582 0492 0390 0372
0487 0476 0386 0586 0496 0485 0477 0387 0376 0587 0497 0576 0396 0475 0385 0585
0492 0393 0593 0483 0392 0592 0482 0383 0394 0594 0484 0582 0384 0693 0473 0293
0394 0594 0484 0395 0485 0384 0393 0593 0483 0385 0585 0383 0694 0474 0496 0492
0395 0485 0496 0394 0594 0484 0385 0396 0585 0384 0386 0586 0475 0295 0497 0694
0498 0399 0489 0598 0488 0389 0388 0588 0699 0497 0698 0478 0379 0397 0579 0597
0512 0523 0413 0503 0612 0623 0412 0502 0423 0603 0614 0403 0524 0414 0504 0622
0515 0614 0524 0414 0504 0615 0525 0624 0415 0505 0424 0404 0523 0413 0503 0625
0518 0619 0419 0509 0618 0629 0418 0508 0609 0409 0628 0428 0608 0539 0719 0517
0520 0511 0421 0531 0620 0510 0611 0420 0530 0622 0431 0512 0422 0532 0610 0630
0523 0622 0512 0422 0532 0623 0612 0423 0533 0632 0412 0511 0421 0531 0633 0413
0516 0426 0525 0627 0517 0616 0427 0537 0416 0625 0515 0637 0417 0437 0615 0415
0627 0517 0427 0537 0516 0426 0637 0417 0628 0518 0437 0428 0538 0616 0416 0618
0628 0518 0428 0538 0629 0618 0539 0638 0418 0627 0517 0438 0427 0537 0619 0639
0629 0539 0628 0518 0619 0428 0538 0639 0419 0618 0638 0418 0438 0329 0509 0729
0634 0434 0524 0533 0545 0435 0525 0624 0444 0633 0424 0433 0523 0645 0625 0623
0545 0435 0525 0634 0645 0434 0524 0625 0546 0624 0444 0424 0646 0446 0426 0335
0537 0546 0637 0547 0646 0437 0446 0545 0426 0435 0525 0647 0627 0447 0427 0645
0642 0532 0442 0552 0541 0533 0632 0443 0553 0641 0531 0452 0441 0551 0633 0433
0533 0443 0553 0642 0532 0633 0442 0552 0433 0653 0453 0444 0632 0452 0634 0434
0545 0444 0645 0634 0555 0434 0654 0533 0454 0443 0553 0435 0455 0633 0433 0653
0648 0538 0448 0558 0547 0539 0638 0449 0438 0658 0647 0537 0458 0447 0639 0659
0539 0449 0648 0538 0639 0448 0558 0659 0459 0638 0438 0658 0458 0349 0569 0547
0555 0654 0564 0454 0553 0565 0455 0545 0464 0563 0653 0444 0453 0665 0645 0663
0556 0567 0657 0457 0547 0558 0566 0667 0456 0546 0467 0647 0658 0568 0447 0458
0558 0659 0569 0459 0658 0568 0669 0458 0469 0449 0468 0648 0448 0579 0359 0539
0571 0580 0470 0560 0581 0671 0680 0471 0561 0480 0460 0681 0661 0461 0550 0770
0574 0585 0675 0475 0565 0576 0674 0685 0474 0564 0485 0665 0676 0586 0476 0566
0579 0588 0478 0568 0577 0688 0569 0488 0587 0468 0477 0567 0489 0669 0469 0487
0582 0573 0683 0483 0593 0572 0682 0673 0482 0592 0473 0693 0684 0574 0484 0594
0585 0684 0574 0484 0594 0685 0674 0485 0474 0694 0683 0573 0483 0593 0675 0475
0588 0579 0489 0688 0488 0598 0699 0478 0698 0498 0569 0389 0587 0388 0568 0788
0591 0690 0490 0580 0691 0491 0581 0680 0480 0681 0390 0790 0592 0571 0391 0791
0594 0585 0694 0685 0696 0485 0496 0586 0684 0484 0686 0395 0795 0597 0593 0574
0597 0696 0496 0586 0497 0587 0686 0585 0487 0685 0485 0396 0576 0796 0594 0598
0598 0699 0698 0498 0588 0489 0688 0488 0579 0399 0597 0389 0497 0587 0478 0388
0600 0501 0611 0701 0602 0500 0610 0700 0511 0502 0711 0612 0702 0510 0710 0512
0605 0504 0614 0704 0603 0505 0615 0705 0503 0703 0515 0715 0404 0624 0804 0606
0612 0623 0603 0614 0512 0622 0523 0602 0712 0503 0723 0624 0703 0502 0722 0702
0616 0517 0627 0607 0717 0618 0516 0606 0507 0727 0518 0628 0707 0608 0718 0506
0620 0611 0622 0520 0610 0511 0630 0720 0531 0711 0612 0632 0722 0510 0530 0710
0627 0616 0726 0625 0516 0637 0727 0525 0615 0736 0725 0517 0537 0717 0515 0715
0630 0531 0641 0632 0530 0640 0541 0620 0730 0532 0642 0622 0732 0540 0520 0720
0634 0645 0625 0735 0545 0624 0525 0745 0646 0725 0736 0524 0744 0724 0546 0746
0637 0646 0736 0537 0647 0546 0627 0746 0645 0726 0625 0735 0547 0747 0727 0545
0642 0633 0653 0743 0632 0533 0742 0553 0733 0634 0654 0744 0532 0552 0732 0752
0645 0634 0654 0744 0545 0745 0633 0754 0653 0743 0555 0735 0755 0533 0553 0733
0648 0639 0659 0638 0539 0658 0748 0739 0759 0538 0558 0738 0758 0449 0629 0669
0651 0550 0640 0750 0661 0551 0560 0641 0751 0540 0760 0561 0541 0450 0630 0850
0653 0552 0642 0752 0651 0553 0663 0562 0762 0661 0551 0742 0641 0751 0563 0763
0654 0665 0555 0645 0755 0565 0754 0545 0765 0666 0556 0745 0646 0756 0564 0744
0657 0666 0556 0646 0756 0667 0566 0647 0757 0546 0766 0555 0665 0746 0645 0755
0661 0560 0760 0561 0651 0550 0671 0750 0770 0551 0571 0751 0771 0460 0680 0640
0663 0562 0672 0762 0661 0653 0563 0552 0673 0763 0572 0752 0651 0561 0772 0671
0665 0564 0654 0674 0663 0565 0675 0765 0574 0754 0653 0563 0774 0673 0763 0555
0669 0568 0658 0768 0667 0659 0569 0558 0769 0758 0657 0567 0778 0579 0759 0779
0671 0680 0770 0571 0681 0580 0661 0771 0560 0780 0760 0581 0561 0781 0470 0690
0676 0577 0667 0777 0576 0686 0587 0666 0776 0567 0688 0778 0586 0566 0786 0766
0688 0778 0579 0588 0669 0779 0568 0788 0577 0768 0667 0777 0569 0769 0587 0567
0579 0669 0779 0688 0778 0569 0769 0588 0568 0788 0768 0699 0659 0478 0698 0658
0686 0587 0688 0586 0676 0577 0696 0786 0597 0777 0588 0797 0698 0788 0576 0776
0688 0699 0588 0579 0698 0788 0779 0598 0778 0489 0669 0889 0488 0888 0569 0587
0693 0592 0682 0792 0691 0593 0683 0793 0582 0591 0782 0681 0791 0783 0581 0781
0694 0685 0795 0696 0594 0684 0794 0585 0785 0686 0796 0784 0586 0786 0675 0895
0696 0597 0797 0698 0686 0796 0587 0598 0688 0586 0786 0588 0788 0497 0897 0699
0709 0808 0718 0608 0707 0809 0719 0609 0818 0807 0618 0717 0607 0819 0619 0817
0712 0813 0723 0703 0812 0722 0702 0612 0803 0623 0814 0724 0603 0704 0614 0622
0715 0814 0724 0704 0614 0815 0725 0705 0615 0804 0624 0813 0723 0703 0825 0805
0717 0726 0706 0616 0715 0817 0727 0707 0806 0815 0725 0606 0705 0615 0807 0627
0720 0821 0711 0722 0710 0730 0620 0831 0611 0712 0732 0622 0830 0610 0630 0812
0730 0831 0732 0830 0841 0720 0630 0821 0641 0832 0742 0722 0632 0840 0640 0620
0735 0834 0744 0724 0634 0733 0835 0745 0844 0725 0833 0743 0624 0723 0633 0825
0736 0747 0727 0637 0738 0746 0847 0726 0647 0838 0748 0627 0728 0638 0846 0646
0840 0730 0750 0640 0841 0830 0751 0641 0850 0630 0831 0851 0651 0940 0720 0760
0841 0751 0641 0742 0840 0730 0831 0750 0640 0851 0842 0732 0651 0752 0642 0830
0748 0739 0759 0848 0738 0839 0758 0648 0639 0659 0838 0858 0638 0658 0949 0729
0752 0853 0763 0743 0653 0754 0852 0762 0863 0742 0843 0663 0854 0744 0654 0862
0760 0751 0861 0771 0661 0762 0750 0860 0851 0770 0871 0651 0752 0862 0671 0772
0765 0754 0864 0774 0763 0755 0854 0775 0665 0874 0654 0863 0674 0773 0663 0855
0766 0757 0777 0667 0768 0756 0857 0776 0666 0877 0657 0758 0778 0856 0876 0676
0786 0887 0777 0797 0788 0886 0776 0877 0796 0686 0897 0778 0888 0688 0876 0676
0788 0889 0779 0888 0778 0688 0699 0878 0898 0698 0769 0988 0768 0588 0979 0869
0898 0788 0698 0797 0699 0888 0897 0688 0889 0887 0778 0598 0796 0999 0779 0878
0699 0898 0788 0698 0889 0888 0688 0999 0779 0797 0778 0598 0897 0878 0988 0588
0801 0700 0900 0701 0710 0910 0711 0911 0600 0821 0720 0702 0920 0610 0812 0921
0803 0702 0812 0801 0703 0813 0903 0712 0701 0912 0913 0711 0911 0602 0804 0603
0710 0910 0711 0821 0720 0801 0911 0700 0920 0900 0701 0921 0830 0610 0812 0831
0711 0821 0801 0911 0812 0710 0910 0701 0921 0712 0912 0720 0700 0920 0900 0722
0817 0806 0815 0717 0726 0807 0706 0926 0715 0825 0906 0805 0915 0727 0707 0927
0821 0720 0830 0920 0710 0831 0921 0730 0910 0930 0711 0911 0931 0840 0620 0801
0722 0812 0832 0821 0723 0813 0712 0833 0923 0732 0912 0932 0831 0921 0733 0913
0723 0813 0833 0923 0722 0812 0832 0733 0913 0724 0814 0933 0834 0712 0732 0912
0825 0724 0814 0834 0725 0815 0835 0723 0813 0934 0833 0923 0715 0735 0915 0935
0726 0926 0825 0727 0817 0927 0736 0725 0815 0835 0717 0937 0715 0735 0915 0935
0727 0817 0927 0828 0726 0717 0926 0728 0818 0937 0838 0928 0736 0718 0738 0847
0828 0729 0819 0839 0929 0728 0818 0719 0838 0928 0739 0919 0939 0718 0738 0809
0736 0846 0835 0847 0746 0937 0726 0946 0735 0926 0825 0935 0747 0727 0927 0745
0847 0937 0838 0736 0846 0747 0727 0738 0848 0927 0828 0746 0726 0946 0926 0748
0844 0745 0835 0945 0855 0846 0744 0834 0735 0944 0854 0935 0755 0746 0955 0946
0848 0839 0949 0748 0838 0739 0858 0939 0759 0738 0758 0958 0869 0847 0828 0648
0858 0869 0759 0758 0769 0958 0848 0969 0949 0768 0968 0748 0659 0839 0857 0878
0864 0855 0765 0875 0965 0854 0755 0874 0964 0775 0955 0766 0856 0876 0966 0754
0766 0856 0966 0876 0857 0756 0967 0877 0956 0776 0765 0855 0976 0965 0875 0757
0857 0967 0877 0856 0766 0757 0966 0876 0957 0777 0768 0858 0878 0968 0756 0956
0869 0768 0858 0968 0878 0769 0758 0969 0958 0778 0857 0967 0877 0759 0779 0979
0878 0889 0779 0869 0979 0778 0888 0769 0969 0788 0988 0768 0968 0877 0858 0898
0882 0783 0873 0983 0782 0872 0773 0982 0793 0784 0874 0993 0984 0772 0792 0972
0885 0874 0784 0984 0875 0785 0774 0895 0794 0873 0783 0983 0775 0795 0773 0793
0792 0882 0992 0891 0793 0993 0782 0791 0982 0881 0783 0983 0781 0981 0872 0890
0793 0993 0792 0882 0992 0783 0794 0983 0782 0982 0784 0984 0873 0693 0891 0895
0895 0794 0795 0885 0784 0793 0984 0993 0785 0783 0983 0874 0694 0875 0774 0796
0897 0796 0886 0996 0895 0797 0887 0997 0786 0795 0885 0987 0785 0876 0696 0898
0898 0889 0999 0888 0788 0988 0699 0897 0878 0698 0779 0797 0979 0887 0997 0778
0900 0911 0801 0910 0912 0812 0701 0921 0903 0700 0920 0711 0821 0913 0803 0702
0903 0912 0913 0803 0812 0911 0801 0813 0702 0900 0703 0923 0712 0910 0804 0701
0905 0804 0903 0915 0805 0814 0913 0803 0815 0813 0704 0906 0705 0806 0912 0703
0906 0807 0908 0806 0817 0808 0818 0707 0927 0905 0909 0706 0926 0717 0919 0915
0915 0814 0913 0905 0815 0923 0804 0903 0813 0825 0805 0803 0934 0912 0715 0935
0926 0906 0915 0927 0817 0806 0905 0815 0807 0825 0805 0717 0937 0726 0928 0706
0927 0817 0926 0906 0928 0807 0908 0818 0806 0828 0808 0717 0937 0919 0915 0727
0919 0928 0908 0818 0929 0909 0819 0828 0927 0808 0817 0809 0807 0718 0719 0939
0923 0912 0932 0921 0913 0933 0812 0911 0832 0931 0821 0813 0833 0831 0722 0920
0934 0923 0915 0935 0825 0814 0913 0834 0933 0815 0835 0813 0833 0724 0944 0926
0915 0935 0825 0926 0934 0815 0835 0814 0834 0725 0905 0945 0927 0923 0724 0944
0937 0946 0926 0935 0927 0846 0945 0835 0847 0825 0736 0956 0934 0957 0746 0944
0939 0928 0838 0937 0949 0929 0839 0848 0828 0927 0847 0738 0958 0739 0919 0748
0940 0931 0841 0951 0930 0840 0950 0831 0932 0851 0842 0952 0830 0850 0832 0852
0943 0932 0842 0952 0933 0843 0953 0832 0931 0852 0841 0951 0833 0853 0831 0851
0946 0937 0847 0957 0846 0956 0857 0848 0958 0856 0838 0858 0747 0927 0967 0945
0949 0848 0958 0939 0838 0937 0858 0847 0957 0839 0857 0748 0928 0968 0946 0929
0958 0969 0949 0968 0858 0869 0848 0759 0979 0939 0957 0758 0769 0967 0839 0857
0962 0953 0863 0964 0952 0972 0862 0853 0954 0873 0864 0852 0872 0854 0874 0763
0972 0983 0873 0982 0962 0872 0984 0863 0874 0964 0882 0862 0864 0993 0773 0953
0984 0874 0964 0875 0965 0983 0864 0873 0885 0863 0774 0954 0976 0972 0775 0955
0965 0875 0976 0984 0874 0964 0885 0876 0966 0864 0886 0775 0955 0954 0774 0785
0976 0987 0877 0967 0876 0966 0887 0988 0968 0878 0886 0888 0997 0957 0777 0979
0979 0988 0878 0968 0969 0888 0987 0877 0967 0889 0869 0887 0958 0778 0976 0999
0984 0885 0875 0976 0895 0996 0886 0874 0876 0785 0965 0987 0983 0784 0964 0775
0987 0976 0886 0996 0997 0887 0876 0885 0877 0897 0875 0895 0966 0786 0984 0988
0988 0979 0999 0889 0888 0878 0898 0969 0987 0968 0788 0779 0869 0887 0997 0778
0990 0891 0981 0992 0890 0980 0881 0982 0880 0882 0791 0971 0993 0790 0970 0781
0984 0993 0895 0983 0885 0794 0996 0992 0795 0784 0874 0982 0793 0785 0875 0886
0895 0996 0984 0885 0886 0795 0997 0993 0794 0875 0785 0897 0987 0976 0796 0983
0999 0988 0898 0997 0888 0987 0897 0889 0887 0996 0979 0878 0788 0797 0886 0877
