0001
0004
0008
0011
0013
0014
0015
0016
0017
0019
0020
0021
0022
0026
0027
0032
0034
0035
0036
0037
0038
0040
0042
0043
0045
0046
0047
0048
0050
0052
0053
0057
0058
0062
0064
0068
0071
0074
0075
0080
0085
0087
0089
0091
0092
0093
0094
0095
0098
0099
0100
0102
0103
0104
0105
0106
0111
0112
0113
0114
0115
0116
0117
0119
0121
0122
0123
0124
0126
0127
0128
0129
0130
0134
0138
0142
0143
0146
0147
0149
0150
0151
0152
0153
0154
0156
0157
0159
0160
0161
0162
0163
0166
0167
0170
0171
0175
0177
0178
0179
0180
0183
0186
0187
0188
0189
0190
0191
0194
0195
0197
0200
0201
0202
0203
0205
0206
0207
0214
0216
0217
0219
0222
0224
0225
0226
0229
0230
0232
0233
0236
0240
0241
0242
0243
0245
0246
0248
0251
0252
0253
0255
0257
0258
0262
0263
0267
0268
0269
0270
0271
0273
0276
0279
0282
0283
0284
0287
0288
0293
0295
0297
0301
0303
0304
0308
0313
0315
0317
0320
0322
0324
0325
0329
0330
0335
0336
0337
0339
0340
0341
0343
0345
0347
0348
0349
0353
0356
0358
0364
0366
0369
0372
0373
0374
0375
0376
0378
0379
0383
0384
0385
0386
0387
0389
0390
0391
0392
0393
0395
0396
0397
0399
0400
0401
0402
0403
0406
0407
0409
0410
0412
0413
0414
0415
0416
0417
0418
0419
0421
0426
0427
0431
0434
0435
0437
0438
0441
0443
0444
0446
0452
0454
0455
0457
0458
0459
0460
0461
0463
0466
0469
0470
0471
0472
0473
0474
0475
0476
0480
0484
0487
0488
0489
0491
0492
0496
0497
0498
0502
0503
0504
0505
0508
0509
0510
0511
0512
0515
0517
0520
0524
0525
0533
0537
0538
0540
0546
0550
0551
0553
0555
0556
0558
0560
0561
0562
0563
0564
0565
0566
0569
0571
0573
0574
0577
0579
0585
0586
0591
0592
0593
0597
0598
0600
0602
0605
0606
0607
0608
0609
0610
0611
0612
0614
0616
0619
0620
0622
0623
0624
0625
0627
0630
0632
0634
0637
0639
0640
0641
0642
0645
0646
0647
0648
0651
0654
0657
0658
0659
0661
0663
0666
0667
0669
0671
0672
0674
0675
0676
0680
0681
0683
0684
0685
0686
0688
0690
0691
0693
0698
0699
0700
0701
0702
0704
0709
0712
0718
0719
0720
0723
0724
0725
0726
0727
0729
0730
0732
0733
0735
0736
0738
0739
0742
0743
0744
0746
0747
0748
0750
0751
0752
0754
0755
0756
0758
0759
0760
0762
0763
0765
0766
0768
0769
0770
0771
0772
0775
0776
0779
0780
0782
0784
0785
0786
0788
0790
0791
0793
0794
0795
0801
0803
0804
0805
0806
0807
0808
0809
0812
0814
0815
0818
0819
0821
0825
0828
0830
0831
0833
0834
0835
0838
0839
0840
0841
0842
0843
0844
0846
0847
0848
0850
0851
0853
0854
0855
0856
0857
0858
0860
0861
0862
0863
0864
0869
0870
0871
0873
0874
0875
0876
0877
0878
0880
0882
0885
0886
0887
0888
0889
0890
0891
0897
0898
0905
0906
0908
0909
0911
0912
0913
0915
0919
0921
0927
0928
0929
0930
0931
0932
0933
0937
0940
0943
0944
0945
0951
0952
0953
0954
0955
0956
0957
0958
0960
0961
0962
0964
0965
0966
0967
0968
0969
0971
0972
0976
0979
0980
0981
0982
0983
0984
0987
0988
0992
0993
0996
0999
