0000
0002
0003
0005
0006
0007
0009
0010
0012
0018
0023
0024
0025
0028
0029
0030
0031
0033
0039
0041
0044
0049
0051
0054
0055
0056
0059
0060
0061
0063
0065
0066
0067
0069
0070
0072
0073
0076
0077
0078
0079
0081
0082
0083
0084
0086
0088
0090
0096
0097
0101
0107
0108
0109
0110
0118
0120
0125
0131
0132
0133
0135
0136
0137
0139
0140
0141
0144
0145
0148
0155
0158
0164
0165
0168
0169
0172
0173
0174
0176
0181
0182
0184
0185
0192
0193
0196
0198
0199
0204
0208
0209
0210
0211
0212
0213
0215
0218
0220
0221
0223
0227
0228
0231
0234
0235
0237
0238
0239
0244
0247
0249
0250
0254
0256
0259
0260
0261
0264
0265
0266
0272
0274
0275
0277
0278
0280
0281
0285
0286
0289
0290
0291
0292
0294
0296
0298
0299
0300
0302
0305
0306
0307
0309
0310
0311
0312
0314
0316
0318
0319
0321
0323
0326
0327
0328
0331
0332
0333
0334
0338
0342
0344
0346
0350
0351
0352
0354
0355
0357
0359
0360
0361
0362
0363
0365
0367
0368
0370
0371
0377
0380
0381
0382
0388
0394
0398
0404
0405
0408
0411
0420
0422
0423
0424
0425
0428
0429
0430
0432
0433
0436
0439
0440
0442
0445
0447
0448
0449
0450
0451
0453
0456
0462
0464
0465
0467
0468
0477
0478
0479
0481
0482
0483
0485
0486
0490
0493
0494
0495
0499
0500
0501
0506
0507
0513
0514
0516
0518
0519
0521
0522
0523
0526
0527
0528
0529
0530
0531
0532
0534
0535
0536
0539
0541
0542
0543
0544
0545
0547
0548
0549
0552
0554
0557
0559
0567
0568
0570
0572
0575
0576
0578
0580
0581
0582
0583
0584
0587
0588
0589
0590
0594
0595
0596
0599
0601
0603
0604
0613
0615
0617
0618
0621
0626
0628
0629
0631
0633
0635
0636
0638
0643
0644
0649
0650
0652
0653
0655
0656
0660
0662
0664
0665
0668
0670
0673
0677
0678
0679
0682
0687
0689
0692
0694
0695
0696
0697
0703
0705
0706
0707
0708
0710
0711
0713
0714
0715
0716
0717
0721
0722
0728
0731
0734
0737
0740
0741
0745
0749
0753
0757
0761
0764
0767
0773
0774
0777
0778
0781
0783
0787
0789
0792
0796
0797
0798
0799
0800
0802
0810
0811
0813
0816
0817
0820
0822
0823
0824
0826
0827
0829
0832
0836
0837
0845
0849
0852
0859
0865
0866
0867
0868
0872
0879
0881
0883
0884
0892
0893
0894
0895
0896
0899
0900
0901
0902
0903
0904
0907
0910
0914
0916
0917
0918
0920
0922
0923
0924
0925
0926
0934
0935
0936
0938
0939
0941
0942
0946
0947
0948
0949
0950
0959
0963
0970
0973
0974
0975
0977
0978
0985
0986
0989
0990
0991
0994
0995
0997
0998
