0002
0003
0005
0010
0023
0025
0029
0030
0031
0033
0039
0044
0049
0054
0055
0059
0060
0063
0065
0066
0067
0070
0072
0076
0077
0078
0082
0084
0086
0088
0096
0097
0101
0107
0109
0110
0120
0136
0137
0139
0141
0158
0165
0168
0174
0184
0192
0198
0199
0204
0208
0209
0210
0213
0215
0218
0221
0231
0235
0237
0244
0247
0249
0254
0256
0259
0260
0261
0265
0266
0275
0277
0280
0281
0286
0289
0292
0294
0296
0298
0299
0305
0306
0307
0309
0310
0312
0314
0318
0319
0321
0323
0327
0328
0331
0332
0333
0344
0346
0350
0351
0355
0357
0361
0363
0365
0370
0371
0377
0380
0381
0382
0398
0408
0411
0425
0429
0430
0432
0436
0439
0445
0451
0462
0465
0479
0481
0486
0493
0494
0495
0499
0513
0514
0519
0521
0522
0526
0527
0528
0529
0534
0535
0536
0542
0543
0544
0548
0549
0554
0557
0559
0570
0575
0578
0583
0584
0589
0590
0595
0596
0599
0601
0604
0613
0617
0621
0626
0631
0635
0636
0643
0644
0649
0650
0652
0655
0656
0660
0662
0664
0668
0670
0677
0678
0679
0687
0689
0692
0695
0697
0708
0713
0714
0716
0721
0731
0734
0737
0740
0741
0749
0753
0761
0764
0767
0787
0789
0798
0799
0800
0802
0810
0811
0816
0820
0822
0823
0824
0826
0827
0829
0836
0837
0845
0849
0859
0865
0866
0867
0868
0879
0883
0884
0892
0893
0894
0896
0899
0901
0902
0904
0907
0914
0916
0917
0918
0922
0924
0925
0936
0938
0941
0942
0947
0948
0959
0963
0973
0974
0975
0977
0978
0985
0986
0989
0991
0994
0995
0998
