0.050000 0.000000 0.644444
0.050000 0.000000 0.777778
0.050000 0.000000 0.955556
0.050000 0.105556 0.644444
0.050000 0.105556 0.733333
0.050000 0.105556 0.777778
0.050000 0.105556 0.822222
0.050000 0.105556 0.866667
0.050000 0.105556 0.911111
0.050000 0.105556 1.000000
0.050000 0.211111 0.600000
0.050000 0.211111 0.644444
0.050000 0.211111 0.688889
0.050000 0.211111 0.866667
0.050000 0.211111 0.911111
0.050000 0.316667 0.688889
0.050000 0.316667 0.777778
0.050000 0.316667 0.822222
0.050000 0.316667 0.866667
0.050000 0.316667 0.911111
0.050000 0.316667 0.955556
0.050000 0.422222 0.600000
0.050000 0.422222 0.688889
0.050000 0.422222 0.733333
0.050000 0.422222 0.822222
0.050000 0.422222 0.866667
0.050000 0.422222 0.911111
0.050000 0.422222 0.955556
0.050000 0.527778 0.600000
0.050000 0.527778 0.688889
0.050000 0.527778 0.733333
0.050000 0.527778 0.911111
0.050000 0.527778 0.955556
0.050000 0.633333 0.688889
0.050000 0.633333 0.777778
0.050000 0.633333 0.955556
0.050000 0.738889 0.644444
0.050000 0.738889 0.777778
0.050000 0.738889 0.822222
0.050000 0.844444 0.600000
0.050000 0.844444 0.822222
0.050000 0.844444 0.911111
0.050000 0.844444 1.000000
0.050000 0.950000 0.644444
0.050000 0.950000 0.688889
0.050000 0.950000 0.733333
0.050000 0.950000 0.777778
0.050000 0.950000 0.822222
0.050000 0.950000 0.955556
0.050000 0.950000 1.000000
0.155556 0.000000 0.600000
0.155556 0.000000 0.688889
0.155556 0.000000 0.733333
0.155556 0.000000 0.777778
0.155556 0.000000 0.822222
0.155556 0.000000 0.866667
0.155556 0.105556 0.644444
0.155556 0.105556 0.688889
0.155556 0.105556 0.733333
0.155556 0.105556 0.777778
0.155556 0.105556 0.822222
0.155556 0.105556 0.866667
0.155556 0.105556 0.911111
0.155556 0.105556 1.000000
0.155556 0.211111 0.644444
0.155556 0.211111 0.688889
0.155556 0.211111 0.733333
0.155556 0.211111 0.777778
0.155556 0.211111 0.866667
0.155556 0.211111 0.911111
0.155556 0.211111 0.955556
0.155556 0.211111 1.000000
0.155556 0.316667 0.600000
0.155556 0.316667 0.777778
0.155556 0.316667 0.955556
0.155556 0.422222 0.688889
0.155556 0.422222 0.733333
0.155556 0.422222 0.866667
0.155556 0.422222 0.911111
0.155556 0.422222 1.000000
0.155556 0.527778 0.600000
0.155556 0.527778 0.644444
0.155556 0.527778 0.688889
0.155556 0.527778 0.733333
0.155556 0.527778 0.777778
0.155556 0.527778 0.866667
0.155556 0.527778 0.911111
0.155556 0.527778 1.000000
0.155556 0.633333 0.600000
0.155556 0.633333 0.644444
0.155556 0.633333 0.688889
0.155556 0.633333 0.733333
0.155556 0.633333 0.866667
0.155556 0.633333 0.911111
0.155556 0.738889 0.600000
0.155556 0.738889 0.644444
0.155556 0.738889 0.822222
0.155556 0.738889 0.911111
0.155556 0.738889 0.955556
0.155556 0.738889 1.000000
0.155556 0.844444 0.600000
0.155556 0.844444 0.733333
0.155556 0.844444 0.866667
0.155556 0.844444 0.911111
0.155556 0.844444 0.955556
0.155556 0.844444 1.000000
0.155556 0.950000 0.600000
0.155556 0.950000 0.644444
0.155556 0.950000 0.777778
0.155556 0.950000 0.822222
0.155556 0.950000 0.911111
0.261111 0.000000 0.600000
0.261111 0.000000 0.644444
0.261111 0.000000 0.688889
0.261111 0.000000 0.733333
0.261111 0.000000 0.822222
0.261111 0.000000 0.866667
0.261111 0.000000 0.911111
0.261111 0.105556 0.777778
0.261111 0.105556 0.866667
0.261111 0.105556 0.911111
0.261111 0.105556 1.000000
0.261111 0.211111 0.688889
0.261111 0.211111 0.777778
0.261111 0.211111 0.822222
0.261111 0.211111 0.866667
0.261111 0.211111 1.000000
0.261111 0.316667 0.600000
0.261111 0.316667 0.688889
0.261111 0.316667 0.733333
0.261111 0.316667 0.866667
0.261111 0.422222 0.600000
0.261111 0.422222 0.644444
0.261111 0.422222 0.688889
0.261111 0.422222 0.733333
0.261111 0.422222 0.822222
0.261111 0.422222 0.866667
0.261111 0.422222 0.955556
0.261111 0.527778 0.644444
0.261111 0.527778 0.688889
0.261111 0.527778 0.733333
0.261111 0.527778 0.822222
0.261111 0.527778 0.911111
0.261111 0.527778 0.955556
0.261111 0.633333 0.688889
0.261111 0.633333 0.733333
0.261111 0.633333 0.911111
0.261111 0.633333 0.955556
0.261111 0.633333 1.000000
0.261111 0.738889 0.600000
0.261111 0.738889 0.644444
0.261111 0.738889 0.733333
0.261111 0.738889 0.866667
0.261111 0.738889 1.000000
0.261111 0.844444 0.688889
0.261111 0.844444 0.733333
0.261111 0.844444 0.777778
0.261111 0.844444 0.911111
0.261111 0.844444 0.955556
0.261111 0.950000 0.733333
0.261111 0.950000 0.822222
0.261111 0.950000 0.911111
0.366667 0.000000 0.644444
0.366667 0.000000 0.733333
0.366667 0.000000 0.777778
0.366667 0.000000 0.955556
0.366667 0.105556 0.733333
0.366667 0.105556 0.822222
0.366667 0.105556 0.911111
0.366667 0.211111 0.600000
0.366667 0.211111 0.688889
0.366667 0.211111 0.777778
0.366667 0.211111 0.822222
0.366667 0.211111 1.000000
0.366667 0.316667 0.600000
0.366667 0.316667 0.822222
0.366667 0.316667 0.866667
0.366667 0.316667 0.911111
0.366667 0.316667 1.000000
0.366667 0.422222 0.600000
0.366667 0.422222 0.644444
0.366667 0.422222 0.733333
0.366667 0.422222 0.822222
0.366667 0.422222 0.911111
0.366667 0.422222 0.955556
0.366667 0.422222 1.000000
0.366667 0.527778 0.733333
0.366667 0.527778 0.866667
0.366667 0.527778 0.955556
0.366667 0.633333 0.777778
0.366667 0.633333 0.866667
0.366667 0.633333 1.000000
0.366667 0.738889 0.688889
0.366667 0.738889 0.733333
0.366667 0.738889 0.777778
0.366667 0.738889 0.822222
0.366667 0.738889 0.866667
0.366667 0.738889 0.955556
0.366667 0.738889 1.000000
0.366667 0.844444 0.733333
0.366667 0.844444 0.777778
0.366667 0.844444 0.822222
0.366667 0.844444 0.866667
0.366667 0.844444 0.911111
0.366667 0.844444 1.000000
0.366667 0.950000 0.600000
0.366667 0.950000 0.644444
0.366667 0.950000 0.688889
0.366667 0.950000 0.733333
0.366667 0.950000 0.822222
0.366667 0.950000 0.866667
0.366667 0.950000 0.911111
0.366667 0.950000 1.000000
0.472222 0.000000 0.600000
0.472222 0.000000 0.644444
0.472222 0.000000 0.688889
0.472222 0.000000 0.733333
0.472222 0.000000 0.866667
0.472222 0.000000 0.911111
0.472222 0.000000 1.000000
0.472222 0.105556 0.600000
0.472222 0.105556 0.688889
0.472222 0.105556 0.733333
0.472222 0.105556 0.777778
0.472222 0.105556 0.822222
0.472222 0.105556 0.866667
0.472222 0.105556 0.911111
0.472222 0.105556 0.955556
0.472222 0.105556 1.000000
0.472222 0.211111 0.644444
0.472222 0.211111 0.866667
0.472222 0.211111 0.911111
0.472222 0.316667 0.644444
0.472222 0.316667 0.777778
0.472222 0.316667 0.822222
0.472222 0.316667 0.911111
0.472222 0.316667 0.955556
0.472222 0.422222 0.644444
0.472222 0.422222 0.733333
0.472222 0.422222 0.777778
0.472222 0.422222 0.866667
0.472222 0.527778 0.688889
0.472222 0.527778 0.777778
0.472222 0.527778 0.822222
0.472222 0.527778 0.911111
0.472222 0.527778 0.955556
0.472222 0.527778 1.000000
0.472222 0.633333 0.600000
0.472222 0.633333 0.644444
0.472222 0.633333 0.733333
0.472222 0.633333 0.866667
0.472222 0.633333 1.000000
0.472222 0.738889 0.600000
0.472222 0.738889 0.644444
0.472222 0.738889 0.688889
0.472222 0.738889 0.733333
0.472222 0.738889 0.777778
0.472222 0.738889 0.822222
0.472222 0.738889 0.866667
0.472222 0.844444 0.600000
0.472222 0.844444 0.777778
0.472222 0.844444 0.911111
0.472222 0.844444 0.955556
0.472222 0.844444 1.000000
0.472222 0.950000 0.644444
0.472222 0.950000 0.688889
0.472222 0.950000 0.866667
0.472222 0.950000 0.911111
0.472222 0.950000 0.955556
0.577778 0.000000 0.688889
0.577778 0.000000 0.733333
0.577778 0.000000 0.777778
0.577778 0.000000 0.822222
0.577778 0.000000 0.955556
0.577778 0.000000 1.000000
0.577778 0.105556 0.600000
0.577778 0.105556 0.644444
0.577778 0.105556 0.688889
0.577778 0.105556 0.822222
0.577778 0.105556 0.911111
0.577778 0.211111 0.600000
0.577778 0.211111 0.777778
0.577778 0.211111 0.822222
0.577778 0.316667 0.733333
0.577778 0.316667 0.911111
0.577778 0.316667 0.955556
0.577778 0.422222 0.600000
0.577778 0.422222 0.866667
0.577778 0.527778 0.600000
0.577778 0.527778 0.644444
0.577778 0.527778 0.733333
0.577778 0.527778 0.822222
0.577778 0.527778 0.866667
0.577778 0.527778 0.955556
0.577778 0.633333 0.600000
0.577778 0.633333 0.644444
0.577778 0.633333 0.688889
0.577778 0.633333 0.733333
0.577778 0.633333 0.777778
0.577778 0.633333 0.822222
0.577778 0.633333 0.866667
0.577778 0.633333 1.000000
0.577778 0.738889 0.644444
0.577778 0.738889 0.733333
0.577778 0.738889 0.777778
0.577778 0.738889 0.911111
0.577778 0.738889 1.000000
0.577778 0.844444 0.822222
0.577778 0.844444 0.866667
0.577778 0.950000 0.644444
0.577778 0.950000 0.688889
0.577778 0.950000 0.733333
0.577778 0.950000 0.911111
0.577778 0.950000 0.955556
0.683333 0.000000 0.600000
0.683333 0.000000 0.688889
0.683333 0.000000 0.822222
0.683333 0.000000 0.866667
0.683333 0.000000 0.911111
0.683333 0.000000 0.955556
0.683333 0.000000 1.000000
0.683333 0.105556 0.600000
0.683333 0.105556 0.644444
0.683333 0.105556 0.688889
0.683333 0.105556 0.777778
0.683333 0.105556 0.866667
0.683333 0.105556 1.000000
0.683333 0.211111 0.600000
0.683333 0.211111 0.688889
0.683333 0.211111 0.733333
0.683333 0.211111 0.777778
0.683333 0.211111 0.822222
0.683333 0.211111 0.911111
0.683333 0.316667 0.600000
0.683333 0.316667 0.688889
0.683333 0.316667 0.777778
0.683333 0.316667 0.911111
0.683333 0.316667 1.000000
0.683333 0.422222 0.600000
0.683333 0.422222 0.644444
0.683333 0.422222 0.688889
0.683333 0.422222 0.822222
0.683333 0.422222 0.866667
0.683333 0.422222 0.911111
0.683333 0.422222 0.955556
0.683333 0.527778 0.644444
0.683333 0.527778 0.777778
0.683333 0.527778 0.911111
0.683333 0.527778 0.955556
0.683333 0.527778 1.000000
0.683333 0.633333 0.644444
0.683333 0.633333 0.733333
0.683333 0.633333 0.866667
0.683333 0.633333 0.911111
0.683333 0.633333 1.000000
0.683333 0.738889 0.644444
0.683333 0.738889 0.688889
0.683333 0.738889 0.777778
0.683333 0.738889 0.822222
0.683333 0.738889 0.866667
0.683333 0.844444 0.600000
0.683333 0.844444 0.644444
0.683333 0.844444 0.733333
0.683333 0.844444 0.777778
0.683333 0.844444 0.822222
0.683333 0.844444 0.866667
0.683333 0.844444 0.955556
0.683333 0.950000 0.600000
0.683333 0.950000 0.644444
0.683333 0.950000 0.733333
0.683333 0.950000 0.955556
0.683333 0.950000 1.000000
0.788889 0.000000 0.600000
0.788889 0.000000 0.644444
0.788889 0.000000 0.688889
0.788889 0.000000 0.777778
0.788889 0.000000 1.000000
0.788889 0.105556 0.688889
0.788889 0.105556 0.955556
0.788889 0.105556 1.000000
0.788889 0.211111 0.600000
0.788889 0.211111 0.733333
0.788889 0.211111 0.777778
0.788889 0.211111 0.822222
0.788889 0.211111 0.866667
0.788889 0.211111 0.911111
0.788889 0.211111 1.000000
0.788889 0.316667 0.600000
0.788889 0.316667 0.688889
0.788889 0.316667 0.733333
0.788889 0.316667 0.822222
0.788889 0.316667 0.866667
0.788889 0.316667 0.955556
0.788889 0.316667 1.000000
0.788889 0.422222 0.688889
0.788889 0.422222 0.733333
0.788889 0.422222 0.777778
0.788889 0.422222 0.866667
0.788889 0.422222 0.911111
0.788889 0.422222 0.955556
0.788889 0.527778 0.600000
0.788889 0.527778 0.644444
0.788889 0.527778 0.688889
0.788889 0.527778 0.777778
0.788889 0.527778 0.822222
0.788889 0.527778 0.866667
0.788889 0.527778 0.955556
0.788889 0.527778 1.000000
0.788889 0.633333 0.600000
0.788889 0.633333 0.688889
0.788889 0.633333 0.733333
0.788889 0.633333 0.822222
0.788889 0.633333 0.866667
0.788889 0.633333 0.955556
0.788889 0.633333 1.000000
0.788889 0.738889 0.600000
0.788889 0.738889 0.644444
0.788889 0.738889 0.688889
0.788889 0.738889 0.822222
0.788889 0.738889 0.866667
0.788889 0.738889 1.000000
0.788889 0.844444 0.600000
0.788889 0.844444 0.688889
0.788889 0.844444 0.777778
0.788889 0.844444 0.822222
0.788889 0.844444 0.866667
0.788889 0.844444 0.955556
0.788889 0.950000 0.600000
0.788889 0.950000 0.644444
0.788889 0.950000 0.733333
0.788889 0.950000 0.777778
0.788889 0.950000 0.822222
0.894444 0.000000 0.644444
0.894444 0.000000 0.733333
0.894444 0.000000 0.777778
0.894444 0.000000 0.822222
0.894444 0.000000 0.866667
0.894444 0.000000 0.911111
0.894444 0.000000 0.955556
0.894444 0.000000 1.000000
0.894444 0.105556 0.688889
0.894444 0.105556 0.777778
0.894444 0.105556 0.822222
0.894444 0.105556 0.955556
0.894444 0.105556 1.000000
0.894444 0.211111 0.644444
0.894444 0.211111 0.822222
0.894444 0.211111 0.955556
0.894444 0.316667 0.600000
0.894444 0.316667 0.644444
0.894444 0.316667 0.733333
0.894444 0.316667 0.777778
0.894444 0.316667 0.822222
0.894444 0.316667 0.955556
0.894444 0.316667 1.000000
0.894444 0.422222 0.600000
0.894444 0.422222 0.644444
0.894444 0.422222 0.688889
0.894444 0.422222 0.733333
0.894444 0.422222 0.777778
0.894444 0.422222 0.866667
0.894444 0.422222 0.911111
0.894444 0.422222 0.955556
0.894444 0.527778 0.600000
0.894444 0.527778 0.644444
0.894444 0.527778 0.733333
0.894444 0.527778 0.777778
0.894444 0.527778 0.822222
0.894444 0.527778 0.866667
0.894444 0.527778 0.911111
0.894444 0.527778 0.955556
0.894444 0.633333 0.600000
0.894444 0.633333 0.644444
0.894444 0.633333 0.688889
0.894444 0.633333 0.733333
0.894444 0.633333 0.777778
0.894444 0.633333 1.000000
0.894444 0.738889 0.600000
0.894444 0.738889 0.644444
0.894444 0.738889 0.733333
0.894444 0.738889 0.777778
0.894444 0.738889 0.822222
0.894444 0.738889 0.866667
0.894444 0.738889 0.911111
0.894444 0.738889 0.955556
0.894444 0.844444 0.600000
0.894444 0.844444 0.688889
0.894444 0.844444 0.822222
0.894444 0.844444 0.866667
0.894444 0.844444 0.911111
0.894444 0.844444 0.955556
0.894444 0.844444 1.000000
0.894444 0.950000 0.600000
0.894444 0.950000 0.644444
0.894444 0.950000 0.911111
0.894444 0.950000 0.955556
1.000000 0.000000 0.822222
1.000000 0.000000 0.866667
1.000000 0.000000 0.955556
1.000000 0.000000 1.000000
1.000000 0.105556 0.644444
1.000000 0.105556 0.688889
1.000000 0.105556 0.733333
1.000000 0.105556 0.822222
1.000000 0.105556 1.000000
1.000000 0.211111 0.644444
1.000000 0.211111 0.911111
1.000000 0.211111 0.955556
1.000000 0.211111 1.000000
1.000000 0.316667 0.600000
1.000000 0.316667 0.644444
1.000000 0.316667 0.688889
1.000000 0.316667 0.733333
1.000000 0.316667 0.911111
1.000000 0.422222 0.600000
1.000000 0.422222 0.733333
1.000000 0.422222 0.777778
1.000000 0.422222 0.822222
1.000000 0.527778 0.644444
1.000000 0.527778 0.688889
1.000000 0.527778 0.733333
1.000000 0.527778 0.777778
1.000000 0.527778 0.822222
1.000000 0.527778 0.866667
1.000000 0.527778 0.911111
1.000000 0.527778 0.955556
1.000000 0.633333 0.600000
1.000000 0.633333 0.644444
1.000000 0.633333 0.688889
1.000000 0.633333 0.777778
1.000000 0.633333 0.822222
1.000000 0.633333 0.866667
1.000000 0.633333 0.911111
1.000000 0.633333 0.955556
1.000000 0.633333 1.000000
1.000000 0.738889 0.644444
1.000000 0.738889 0.688889
1.000000 0.738889 0.866667
1.000000 0.738889 1.000000
1.000000 0.844444 0.600000
1.000000 0.844444 0.644444
1.000000 0.844444 0.688889
1.000000 0.844444 0.733333
1.000000 0.844444 0.777778
1.000000 0.844444 0.911111
1.000000 0.844444 0.955556
1.000000 0.950000 0.688889
1.000000 0.950000 0.733333
1.000000 0.950000 0.866667
1.000000 0.950000 1.000000
