0011 0020 0000 0021 0111 0001 0100 0121 0012 0031 0211 0220 0022 0130 0200 0002
0022 0013 0033 0123 0024 0012 0032 0122 0113 0014 0133 0034 0124 0112 0132 0114
0024 0015 0035 0125 0026 0014 0034 0124 0115 0016 0135 0036 0126 0114 0134 0116
0031 0040 0020 0130 0041 0021 0131 0140 0141 0121 0230 0050 0032 0011 0231 0051
0038 0049 0029 0048 0028 0138 0149 0129 0148 0128 0019 0239 0037 0018 0238 0058
0045 0034 0144 0043 0035 0145 0134 0033 0154 0143 0053 0135 0155 0133 0153 0024
0064 0154 0053 0065 0155 0045 0164 0144 0153 0043 0165 0145 0163 0143 0074 0034
0065 0155 0045 0056 0064 0154 0165 0145 0156 0046 0164 0144 0166 0146 0075 0255
0058 0069 0159 0049 0068 0048 0169 0149 0148 0079 0057 0078 0258 0038 0269 0179
0061 0050 0160 0051 0161 0071 0150 0170 0151 0171 0080 0040 0062 0081 0041 0250
0062 0053 0163 0073 0064 0052 0162 0153 0173 0164 0074 0152 0172 0154 0083 0263
0056 0166 0065 0057 0167 0077 0156 0176 0165 0075 0157 0177 0155 0175 0266 0046
0057 0167 0077 0068 0056 0166 0157 0058 0177 0078 0156 0176 0178 0087 0267 0047
0071 0080 0170 0081 0171 0061 0180 0160 0181 0161 0050 0090 0270 0051 0091 0271
0073 0082 0172 0062 0071 0083 0173 0182 0081 0162 0171 0061 0183 0163 0181 0161
0077 0176 0075 0087 0177 0186 0085 0166 0175 0065 0187 0167 0185 0165 0056 0276
0087 0186 0085 0077 0187 0097 0176 0075 0196 0185 0095 0177 0197 0175 0195 0286
0089 0078 0188 0098 0087 0079 0189 0099 0178 0077 0187 0097 0179 0199 0177 0197
0097 0196 0095 0197 0087 0186 0195 0085 0187 0185 0094 0098 0077 0297 0176 0286
0100 0201 0111 0001 0102 0200 0000 0211 0202 0011 0002 0112 0212 0012 0301 0121
0106 0207 0007 0117 0108 0206 0006 0116 0217 0208 0017 0118 0008 0216 0016 0018
0111 0100 0121 0211 0220 0011 0200 0020 0000 0201 0021 0001 0130 0112 0311 0131
0121 0220 0130 0020 0111 0131 0021 0230 0211 0231 0011 0031 0320 0100 0140 0122
0137 0236 0146 0126 0036 0135 0147 0246 0127 0037 0226 0046 0145 0026 0125 0035
0138 0239 0149 0129 0238 0148 0249 0128 0038 0229 0049 0029 0248 0228 0048 0028
0159 0258 0058 0148 0157 0169 0268 0149 0068 0248 0167 0257 0048 0057 0147 0269
0169 0268 0068 0178 0167 0159 0269 0258 0069 0179 0058 0278 0157 0267 0078 0177
0175 0274 0074 0164 0173 0185 0284 0075 0165 0084 0264 0183 0273 0064 0073 0163
0185 0284 0084 0194 0183 0175 0285 0274 0085 0195 0074 0173 0283 0094 0083 0193
0199 0098 0188 0197 0099 0189 0288 0297 0097 0187 0089 0287 0087 0178 0398 0196
0208 0109 0219 0108 0308 0119 0118 0009 0409 0229 0207 0008 0408 0228 0129 0329
0211 0220 0200 0111 0311 0201 0320 0100 0300 0121 0301 0230 0410 0212 0231 0011
0214 0115 0225 0315 0205 0216 0114 0224 0125 0204 0325 0105 0226 0116 0305 0316
0219 0228 0118 0208 0217 0119 0229 0128 0108 0117 0227 0308 0317 0207 0129 0329
0220 0121 0211 0231 0222 0111 0230 0320 0311 0131 0331 0122 0212 0232 0322 0130
0234 0135 0245 0335 0225 0236 0134 0145 0224 0334 0125 0345 0246 0325 0336 0226
0236 0137 0227 0337 0238 0246 0147 0336 0226 0127 0347 0138 0248 0338 0228 0146
0245 0144 0234 0344 0243 0145 0134 0345 0255 0334 0154 0143 0233 0354 0343 0253
0246 0147 0347 0257 0248 0146 0236 0137 0337 0157 0148 0238 0357 0348 0258 0336
0255 0264 0154 0354 0253 0155 0164 0355 0245 0364 0144 0263 0153 0344 0353 0243
0257 0266 0156 0356 0246 0255 0267 0157 0166 0357 0366 0146 0155 0355 0245 0167
0258 0269 0159 0359 0249 0268 0169 0358 0248 0369 0149 0349 0368 0148 0348 0279
0250 0160 0360 0270 0251 0161 0150 0271 0350 0170 0151 0171 0460 0240 0262 0461
0251 0161 0271 0262 0250 0160 0151 0360 0270 0171 0252 0162 0362 0272 0150 0350
0264 0255 0165 0365 0266 0164 0155 0364 0274 0355 0175 0166 0375 0366 0276 0154
0274 0285 0175 0375 0276 0284 0185 0374 0264 0385 0165 0286 0176 0365 0376 0266
0276 0287 0177 0377 0267 0278 0286 0176 0187 0376 0266 0387 0167 0288 0178 0367
0270 0180 0380 0290 0271 0181 0170 0381 0291 0190 0390 0171 0191 0391 0480 0080
0271 0181 0381 0291 0282 0270 0180 0171 0380 0290 0191 0272 0182 0391 0170 0190
0288 0279 0189 0389 0278 0188 0179 0388 0379 0199 0399 0178 0378 0398 0269 0089
0293 0192 0392 0282 0291 0193 0393 0283 0182 0191 0391 0183 0383 0181 0381 0272
0295 0194 0394 0284 0293 0195 0395 0285 0193 0384 0393 0283 0185 0385 0183 0383
0297 0196 0396 0286 0295 0197 0397 0287 0186 0195 0386 0395 0285 0187 0387 0185
0398 0288 0297 0199 0399 0188 0197 0388 0397 0287 0189 0389 0187 0387 0278 0098
0199 0399 0398 0288 0189 0389 0188 0388 0279 0099 0297 0278 0498 0098 0179 0197
0306 0407 0207 0317 0308 0406 0206 0316 0417 0408 0217 0208 0416 0216 0418 0507
0308 0409 0408 0208 0419 0219 0418 0509 0109 0329 0508 0108 0407 0519 0119 0229
0311 0320 0410 0300 0420 0211 0301 0220 0400 0200 0421 0401 0201 0510 0330 0511
0313 0322 0412 0212 0302 0311 0323 0413 0422 0213 0303 0222 0402 0202 0211 0301
0315 0324 0414 0214 0304 0313 0325 0415 0424 0305 0224 0404 0323 0413 0204 0213
0418 0308 0317 0329 0419 0428 0219 0228 0408 0417 0208 0217 0229 0409 0427 0227
0329 0419 0219 0418 0308 0229 0409 0428 0228 0408 0208 0519 0339 0119 0317 0518
0320 0311 0421 0331 0322 0420 0330 0220 0211 0431 0231 0422 0222 0332 0410 0430
0326 0317 0427 0337 0227 0316 0426 0417 0226 0336 0217 0437 0428 0338 0228 0416
0329 0428 0338 0228 0418 0229 0339 0438 0317 0427 0238 0227 0337 0419 0219 0239
0347 0446 0336 0246 0356 0345 0337 0447 0357 0236 0456 0335 0245 0355 0437 0457
0350 0251 0341 0352 0360 0450 0461 0250 0340 0441 0362 0452 0241 0252 0342 0460
0360 0461 0362 0350 0460 0251 0471 0352 0271 0262 0372 0450 0250 0470 0270 0452
0362 0353 0463 0263 0373 0364 0352 0453 0262 0372 0253 0473 0354 0464 0273 0264
0380 0470 0270 0360 0381 0471 0480 0271 0460 0481 0461 0390 0350 0170 0372 0391
0381 0471 0271 0372 0380 0470 0481 0270 0360 0461 0472 0272 0362 0480 0460 0482
0383 0372 0482 0282 0392 0381 0373 0483 0472 0283 0393 0272 0492 0481 0391 0473
0410 0421 0311 0511 0401 0412 0420 0510 0400 0301 0501 0422 0512 0402 0320 0520
0424 0415 0325 0525 0435 0426 0414 0324 0315 0524 0434 0515 0335 0416 0326 0535
0428 0419 0329 0418 0438 0519 0339 0539 0518 0338 0538 0629 0229 0409 0449 0427
0433 0442 0332 0532 0422 0431 0333 0443 0342 0533 0423 0322 0331 0441 0531 0421
0437 0446 0336 0536 0426 0435 0447 0337 0537 0427 0546 0326 0335 0526 0535 0347
0438 0449 0339 0539 0338 0448 0349 0538 0428 0329 0348 0639 0419 0239 0459 0437
0444 0435 0345 0545 0455 0446 0434 0344 0335 0544 0454 0535 0355 0555 0546 0456
0450 0461 0551 0441 0452 0460 0350 0550 0440 0561 0341 0352 0541 0552 0442 0360
0463 0452 0362 0562 0472 0461 0453 0352 0563 0473 0552 0372 0572 0561 0471 0353
0478 0489 0379 0579 0469 0488 0378 0389 0468 0369 0569 0388 0588 0368 0568 0459
0487 0476 0386 0586 0496 0485 0477 0387 0376 0587 0497 0576 0396 0475 0385 0596
0492 0393 0593 0483 0494 0392 0592 0482 0383 0394 0594 0484 0582 0384 0693 0473
0498 0399 0489 0398 0598 0488 0389 0388 0588 0699 0497 0698 0478 0379 0397 0579
0512 0613 0523 0413 0503 0514 0612 0623 0412 0502 0423 0603 0614 0403 0524 0414
0520 0511 0421 0531 0620 0510 0611 0420 0530 0631 0622 0431 0512 0422 0532 0610
0523 0622 0512 0422 0532 0623 0612 0423 0533 0632 0412 0511 0421 0531 0613 0633
0526 0627 0517 0427 0537 0516 0426 0536 0637 0417 0628 0518 0437 0428 0538 0616
0628 0518 0428 0538 0629 0519 0618 0539 0638 0418 0627 0517 0438 0427 0537 0619
0629 0519 0539 0628 0518 0619 0428 0538 0639 0419 0618 0638 0418 0438 0329 0509
0535 0634 0544 0434 0524 0533 0545 0435 0525 0624 0444 0633 0424 0433 0523 0645
0642 0532 0442 0552 0541 0533 0632 0443 0553 0641 0531 0452 0441 0551 0633 0433
0533 0443 0553 0544 0642 0532 0633 0442 0552 0433 0653 0453 0444 0632 0452 0634
0648 0538 0448 0558 0547 0539 0638 0449 0438 0658 0647 0537 0458 0447 0557 0639
0539 0449 0648 0538 0639 0448 0558 0659 0459 0638 0438 0658 0458 0349 0569 0749
0555 0564 0654 0454 0544 0553 0565 0655 0664 0455 0545 0464 0563 0653 0444 0453
0558 0659 0569 0459 0568 0658 0669 0458 0469 0449 0468 0648 0448 0579 0359 0539
0571 0580 0670 0470 0560 0671 0581 0680 0471 0561 0480 0460 0681 0481 0661 0461
0579 0588 0478 0568 0577 0688 0569 0488 0587 0468 0477 0567 0489 0669 0469 0487
0582 0573 0683 0483 0593 0572 0682 0673 0482 0592 0473 0693 0684 0574 0484 0594
0585 0684 0574 0484 0594 0685 0575 0674 0485 0474 0694 0573 0683 0494 0483 0593
0588 0579 0489 0688 0488 0598 0699 0478 0698 0498 0569 0389 0789 0587 0388 0568
0591 0690 0490 0580 0691 0491 0581 0680 0480 0681 0481 0390 0790 0592 0391 0571
0594 0695 0495 0585 0596 0694 0494 0685 0696 0485 0496 0586 0684 0484 0686 0575
0598 0699 0698 0498 0588 0489 0688 0488 0579 0399 0799 0597 0398 0798 0389 0789
0600 0501 0611 0701 0602 0500 0610 0700 0511 0502 0711 0612 0702 0510 0710 0512
0605 0504 0614 0704 0603 0505 0615 0705 0514 0503 0613 0703 0515 0715 0404 0624
0616 0517 0627 0607 0717 0618 0516 0606 0507 0727 0518 0628 0707 0608 0718 0526
0620 0611 0631 0622 0520 0610 0511 0630 0720 0531 0711 0612 0731 0632 0722 0510
0627 0526 0616 0726 0625 0516 0637 0727 0536 0525 0615 0736 0725 0517 0537 0717
0634 0535 0645 0625 0735 0545 0624 0734 0525 0745 0536 0646 0725 0736 0544 0524
0637 0536 0646 0736 0537 0647 0546 0627 0526 0746 0535 0645 0726 0625 0735 0547
0642 0633 0653 0743 0632 0533 0742 0553 0733 0544 0634 0654 0744 0532 0552 0732
0645 0544 0634 0654 0744 0545 0655 0745 0734 0633 0754 0653 0743 0535 0555 0735
0648 0639 0659 0749 0638 0539 0658 0748 0739 0759 0538 0558 0738 0758 0449 0629
0651 0550 0640 0750 0551 0661 0560 0641 0751 0540 0760 0561 0541 0450 0670 0630
0653 0552 0642 0752 0651 0553 0663 0562 0762 0551 0661 0742 0641 0751 0563 0763
0661 0560 0670 0760 0651 0561 0550 0671 0750 0770 0551 0571 0751 0771 0460 0680
0663 0562 0672 0762 0661 0653 0563 0552 0673 0763 0572 0752 0651 0561 0772 0671
0669 0658 0568 0768 0667 0569 0659 0558 0769 0758 0567 0657 0778 0579 0759 0779
0676 0577 0667 0777 0686 0576 0587 0666 0776 0567 0688 0778 0586 0566 0786 0766
0688 0778 0579 0588 0669 0779 0568 0788 0577 0768 0667 0777 0569 0789 0769 0587
0579 0669 0779 0688 0778 0569 0789 0769 0588 0568 0788 0768 0699 0659 0478 0698
0686 0587 0688 0586 0676 0577 0696 0786 0597 0777 0588 0797 0698 0788 0576 0596
0688 0699 0789 0588 0579 0698 0788 0779 0799 0598 0778 0798 0489 0669 0889 0488
0693 0592 0682 0792 0691 0593 0683 0793 0582 0591 0782 0681 0791 0783 0581 0781
0696 0597 0797 0698 0596 0686 0796 0587 0598 0688 0798 0586 0786 0588 0788 0497
0712 0813 0723 0703 0613 0812 0722 0702 0612 0803 0623 0814 0724 0603 0704 0614
0715 0814 0724 0704 0614 0815 0725 0824 0705 0615 0804 0624 0813 0723 0703 0613
0717 0726 0706 0616 0715 0817 0727 0707 0806 0815 0725 0606 0705 0615 0827 0807
0720 0821 0711 0731 0722 0710 0730 0620 0831 0611 0712 0631 0732 0622 0830 0610
0736 0747 0727 0637 0738 0836 0746 0847 0726 0827 0647 0838 0748 0627 0728 0638
0840 0730 0750 0640 0841 0731 0830 0751 0641 0850 0630 0831 0851 0631 0651 0940
0841 0731 0751 0641 0742 0840 0730 0831 0750 0640 0851 0631 0842 0732 0651 0752
0752 0853 0763 0743 0653 0754 0762 0852 0863 0742 0843 0663 0854 0744 0654 0862
0760 0751 0861 0771 0661 0762 0860 0750 0851 0770 0871 0651 0752 0862 0671 0772
0765 0864 0754 0774 0664 0763 0755 0854 0775 0665 0874 0654 0863 0674 0773 0663
0766 0757 0777 0667 0768 0756 0857 0776 0666 0877 0657 0758 0868 0778 0856 0876
0786 0777 0887 0797 0788 0886 0776 0877 0796 0686 0897 0778 0888 0798 0688 0876
0801 0700 0900 0701 0710 0910 0711 0911 0600 0821 0720 0702 0920 0610 0812 0921
0803 0702 0812 0801 0703 0813 0903 0712 0701 0912 0913 0711 0911 0602 0804 0603
0710 0910 0711 0821 0720 0801 0911 0700 0920 0900 0701 0921 0830 0610 0812 0831
0711 0821 0801 0911 0812 0710 0910 0701 0921 0712 0912 0720 0700 0920 0900 0722
0817 0806 0916 0815 0717 0827 0726 0807 0706 0926 0715 0825 0906 0805 0915 0727
0821 0720 0830 0920 0710 0831 0921 0730 0910 0930 0711 0731 0911 0931 0840 0620
0722 0812 0832 0922 0821 0723 0813 0712 0833 0923 0732 0912 0932 0831 0921 0733
0723 0813 0833 0923 0824 0722 0812 0832 0922 0733 0913 0724 0814 0933 0834 0712
0827 0726 0836 0926 0825 0727 0817 0927 0736 0916 0725 0815 0835 0925 0717 0937
0836 0847 0827 0937 0838 0736 0846 0747 0727 0738 0848 0927 0828 0746 0726 0946
0848 0749 0839 0949 0748 0838 0739 0948 0858 0939 0759 0738 0758 0958 0829 0869
0858 0869 0759 0868 0758 0769 0958 0848 0969 0749 0949 0768 0968 0748 0948 0839
0864 0765 0855 0875 0965 0854 0755 0874 0964 0955 0775 0856 0766 0975 0876 0966
0856 0766 0876 0966 0857 0756 0967 0877 0956 0776 0855 0765 0976 0875 0965 0757
0857 0967 0877 0868 0766 0856 0757 0966 0876 0777 0957 0858 0768 0968 0878 0756
0878 0889 0779 0979 0869 0778 0888 0789 0868 0769 0969 0788 0768 0988 0968 0877
0882 0873 0783 0983 0782 0872 0773 0982 0793 0784 0874 0993 0984 0894 0772 0792
0885 0784 0874 0894 0984 0875 0785 0774 0895 0794 0873 0783 0994 0983 0775 0975
0792 0882 0992 0891 0793 0993 0782 0791 0982 0881 0991 0783 0983 0781 0981 0872
0793 0993 0894 0792 0992 0882 0783 0794 0983 0994 0782 0982 0784 0984 0873 0693
0898 0799 0999 0889 0798 0888 0789 0788 0988 0699 0897 0878 0698 0779 0797 0979
0900 0911 0801 0910 0912 0812 0701 0921 0903 0700 0920 0711 0821 0913 0803 0702
0903 0912 0913 0803 0812 0911 0801 0813 0702 0922 0900 0904 0703 0923 0712 0910
0915 0904 0814 0913 0925 0905 0815 0824 0923 0804 0903 0813 0825 0805 0803 0934
0916 0927 0907 0817 0918 0926 0906 0827 0928 0807 0908 0818 0806 0828 0808 0717
0925 0934 0824 0923 0915 0935 0825 0814 0913 0834 0933 0815 0835 0813 0833 0724
0937 0946 0926 0836 0935 0927 0846 0945 0925 0835 0847 0827 0845 0825 0736 0916
0939 0948 0928 0838 0937 0949 0929 0839 0848 0828 0927 0829 0847 0827 0738 0918
0940 0931 0841 0951 0942 0930 0840 0950 0831 0932 0851 0842 0952 0830 0850 0832
0946 0937 0847 0957 0948 0846 0956 0857 0848 0958 0836 0856 0838 0858 0747 0927
0958 0969 0949 0968 0858 0948 0869 0868 0848 0759 0979 0939 0957 0758 0769 0967
0972 0983 0963 0873 0982 0962 0872 0984 0863 0964 0874 0882 0862 0864 0773 0993
0975 0984 0964 0874 0875 0965 0983 0864 0963 0873 0885 0863 0994 0774 0954 0976
0976 0987 0967 0877 0966 0876 0887 0988 0878 0968 0886 0888 0868 0957 0777 0997
0979 0988 0878 0968 0969 0888 0987 0868 0877 0967 0889 0869 0887 0958 0778 0976
0984 0975 0885 0994 0875 0976 0895 0886 0996 0874 0894 0876 0896 0785 0965 0987
0987 0976 0996 0886 0887 0997 0876 0975 0896 0885 0877 0897 0875 0895 0786 0966
0988 0979 0999 0889 0888 0878 0898 0969 0789 0987 0968 0788 0779 0799 0869 0887
0994 0895 0996 0894 0984 0885 0896 0886 0975 0795 0997 0993 0794 0785 0875 0897
0999 0988 0898 0997 0888 0987 0897 0889 0887 0798 0996 0799 0979 0878 0788 0896
