0.021500 0.120000 0.550000
0.021500 0.120000 0.583333
0.021500 0.120000 0.616667
0.021500 0.120000 0.650000
0.021500 0.120000 0.683333
0.021500 0.120000 0.716667
0.021500 0.120000 0.750000
0.021500 0.120000 0.783333
0.021500 0.120000 0.816667
0.021500 0.120000 0.850000
0.021500 0.123889 0.550000
0.021500 0.123889 0.583333
0.021500 0.123889 0.616667
0.021500 0.123889 0.650000
0.021500 0.123889 0.683333
0.021500 0.123889 0.716667
0.021500 0.123889 0.750000
0.021500 0.123889 0.783333
0.021500 0.123889 0.816667
0.021500 0.123889 0.850000
0.021500 0.127778 0.550000
0.021500 0.127778 0.583333
0.021500 0.127778 0.616667
0.021500 0.127778 0.650000
0.021500 0.127778 0.683333
0.021500 0.127778 0.716667
0.021500 0.127778 0.750000
0.021500 0.127778 0.783333
0.021500 0.127778 0.816667
0.021500 0.127778 0.850000
0.021500 0.131667 0.550000
0.021500 0.131667 0.583333
0.021500 0.131667 0.616667
0.021500 0.131667 0.650000
0.021500 0.131667 0.683333
0.021500 0.131667 0.716667
0.021500 0.131667 0.750000
0.021500 0.131667 0.783333
0.021500 0.131667 0.816667
0.021500 0.131667 0.850000
0.021500 0.135556 0.550000
0.021500 0.135556 0.583333
0.021500 0.135556 0.616667
0.021500 0.135556 0.650000
0.021500 0.135556 0.683333
0.021500 0.135556 0.716667
0.021500 0.135556 0.750000
0.021500 0.135556 0.783333
0.021500 0.135556 0.816667
0.021500 0.135556 0.850000
0.021500 0.139444 0.550000
0.021500 0.139444 0.583333
0.021500 0.139444 0.616667
0.021500 0.139444 0.650000
0.021500 0.139444 0.683333
0.021500 0.139444 0.716667
0.021500 0.139444 0.750000
0.021500 0.139444 0.783333
0.021500 0.139444 0.816667
0.021500 0.139444 0.850000
0.021500 0.143333 0.550000
0.021500 0.143333 0.583333
0.021500 0.143333 0.616667
0.021500 0.143333 0.650000
0.021500 0.143333 0.683333
0.021500 0.143333 0.716667
0.021500 0.143333 0.750000
0.021500 0.143333 0.783333
0.021500 0.143333 0.816667
0.021500 0.143333 0.850000
0.021500 0.147222 0.550000
0.021500 0.147222 0.583333
0.021500 0.147222 0.616667
0.021500 0.147222 0.650000
0.021500 0.147222 0.683333
0.021500 0.147222 0.716667
0.021500 0.147222 0.750000
0.021500 0.147222 0.783333
0.021500 0.147222 0.816667
0.021500 0.147222 0.850000
0.021500 0.151111 0.550000
0.021500 0.151111 0.583333
0.021500 0.151111 0.616667
0.021500 0.151111 0.650000
0.021500 0.151111 0.683333
0.021500 0.151111 0.716667
0.021500 0.151111 0.750000
0.021500 0.151111 0.783333
0.021500 0.151111 0.816667
0.021500 0.151111 0.850000
0.021500 0.155000 0.550000
0.021500 0.155000 0.583333
0.021500 0.155000 0.616667
0.021500 0.155000 0.650000
0.021500 0.155000 0.683333
0.021500 0.155000 0.716667
0.021500 0.155000 0.750000
0.021500 0.155000 0.783333
0.021500 0.155000 0.816667
0.021500 0.155000 0.850000
0.021722 0.120000 0.550000
0.021722 0.120000 0.583333
0.021722 0.120000 0.616667
0.021722 0.120000 0.650000
0.021722 0.120000 0.683333
0.021722 0.120000 0.716667
0.021722 0.120000 0.750000
0.021722 0.120000 0.783333
0.021722 0.120000 0.816667
0.021722 0.120000 0.850000
0.021722 0.123889 0.550000
0.021722 0.123889 0.583333
0.021722 0.123889 0.616667
0.021722 0.123889 0.650000
0.021722 0.123889 0.683333
0.021722 0.123889 0.716667
0.021722 0.123889 0.750000
0.021722 0.123889 0.783333
0.021722 0.123889 0.816667
0.021722 0.123889 0.850000
0.021722 0.127778 0.550000
0.021722 0.127778 0.583333
0.021722 0.127778 0.616667
0.021722 0.127778 0.650000
0.021722 0.127778 0.683333
0.021722 0.127778 0.716667
0.021722 0.127778 0.750000
0.021722 0.127778 0.783333
0.021722 0.127778 0.816667
0.021722 0.127778 0.850000
0.021722 0.131667 0.550000
0.021722 0.131667 0.583333
0.021722 0.131667 0.616667
0.021722 0.131667 0.650000
0.021722 0.131667 0.683333
0.021722 0.131667 0.716667
0.021722 0.131667 0.750000
0.021722 0.131667 0.783333
0.021722 0.131667 0.816667
0.021722 0.131667 0.850000
0.021722 0.135556 0.550000
0.021722 0.135556 0.583333
0.021722 0.135556 0.616667
0.021722 0.135556 0.650000
0.021722 0.135556 0.683333
0.021722 0.135556 0.716667
0.021722 0.135556 0.750000
0.021722 0.135556 0.783333
0.021722 0.135556 0.816667
0.021722 0.135556 0.850000
0.021722 0.139444 0.550000
0.021722 0.139444 0.583333
0.021722 0.139444 0.616667
0.021722 0.139444 0.650000
0.021722 0.139444 0.683333
0.021722 0.139444 0.716667
0.021722 0.139444 0.750000
0.021722 0.139444 0.783333
0.021722 0.139444 0.816667
0.021722 0.139444 0.850000
0.021722 0.143333 0.550000
0.021722 0.143333 0.583333
0.021722 0.143333 0.616667
0.021722 0.143333 0.650000
0.021722 0.143333 0.683333
0.021722 0.143333 0.716667
0.021722 0.143333 0.750000
0.021722 0.143333 0.783333
0.021722 0.143333 0.816667
0.021722 0.143333 0.850000
0.021722 0.147222 0.550000
0.021722 0.147222 0.583333
0.021722 0.147222 0.616667
0.021722 0.147222 0.650000
0.021722 0.147222 0.683333
0.021722 0.147222 0.716667
0.021722 0.147222 0.750000
0.021722 0.147222 0.783333
0.021722 0.147222 0.816667
0.021722 0.147222 0.850000
0.021722 0.151111 0.550000
0.021722 0.151111 0.583333
0.021722 0.151111 0.616667
0.021722 0.151111 0.650000
0.021722 0.151111 0.683333
0.021722 0.151111 0.716667
0.021722 0.151111 0.750000
0.021722 0.151111 0.783333
0.021722 0.151111 0.816667
0.021722 0.151111 0.850000
0.021722 0.155000 0.550000
0.021722 0.155000 0.583333
0.021722 0.155000 0.616667
0.021722 0.155000 0.650000
0.021722 0.155000 0.683333
0.021722 0.155000 0.716667
0.021722 0.155000 0.750000
0.021722 0.155000 0.783333
0.021722 0.155000 0.816667
0.021722 0.155000 0.850000
0.021944 0.120000 0.550000
0.021944 0.120000 0.583333
0.021944 0.120000 0.616667
0.021944 0.120000 0.650000
0.021944 0.120000 0.683333
0.021944 0.120000 0.716667
0.021944 0.120000 0.750000
0.021944 0.120000 0.783333
0.021944 0.120000 0.816667
0.021944 0.120000 0.850000
0.021944 0.123889 0.550000
0.021944 0.123889 0.583333
0.021944 0.123889 0.616667
0.021944 0.123889 0.650000
0.021944 0.123889 0.683333
0.021944 0.123889 0.716667
0.021944 0.123889 0.750000
0.021944 0.123889 0.783333
0.021944 0.123889 0.816667
0.021944 0.123889 0.850000
0.021944 0.127778 0.550000
0.021944 0.127778 0.583333
0.021944 0.127778 0.616667
0.021944 0.127778 0.650000
0.021944 0.127778 0.683333
0.021944 0.127778 0.716667
0.021944 0.127778 0.750000
0.021944 0.127778 0.783333
0.021944 0.127778 0.816667
0.021944 0.127778 0.850000
0.021944 0.131667 0.550000
0.021944 0.131667 0.583333
0.021944 0.131667 0.616667
0.021944 0.131667 0.650000
0.021944 0.131667 0.683333
0.021944 0.131667 0.716667
0.021944 0.131667 0.750000
0.021944 0.131667 0.783333
0.021944 0.131667 0.816667
0.021944 0.131667 0.850000
0.021944 0.135556 0.550000
0.021944 0.135556 0.583333
0.021944 0.135556 0.616667
0.021944 0.135556 0.650000
0.021944 0.135556 0.683333
0.021944 0.135556 0.716667
0.021944 0.135556 0.750000
0.021944 0.135556 0.783333
0.021944 0.135556 0.816667
0.021944 0.135556 0.850000
0.021944 0.139444 0.550000
0.021944 0.139444 0.583333
0.021944 0.139444 0.616667
0.021944 0.139444 0.650000
0.021944 0.139444 0.683333
0.021944 0.139444 0.716667
0.021944 0.139444 0.750000
0.021944 0.139444 0.783333
0.021944 0.139444 0.816667
0.021944 0.139444 0.850000
0.021944 0.143333 0.550000
0.021944 0.143333 0.583333
0.021944 0.143333 0.616667
0.021944 0.143333 0.650000
0.021944 0.143333 0.683333
0.021944 0.143333 0.716667
0.021944 0.143333 0.750000
0.021944 0.143333 0.783333
0.021944 0.143333 0.816667
0.021944 0.143333 0.850000
0.021944 0.147222 0.550000
0.021944 0.147222 0.583333
0.021944 0.147222 0.616667
0.021944 0.147222 0.650000
0.021944 0.147222 0.683333
0.021944 0.147222 0.716667
0.021944 0.147222 0.750000
0.021944 0.147222 0.783333
0.021944 0.147222 0.816667
0.021944 0.147222 0.850000
0.021944 0.151111 0.550000
0.021944 0.151111 0.583333
0.021944 0.151111 0.616667
0.021944 0.151111 0.650000
0.021944 0.151111 0.683333
0.021944 0.151111 0.716667
0.021944 0.151111 0.750000
0.021944 0.151111 0.783333
0.021944 0.151111 0.816667
0.021944 0.151111 0.850000
0.021944 0.155000 0.550000
0.021944 0.155000 0.583333
0.021944 0.155000 0.616667
0.021944 0.155000 0.650000
0.021944 0.155000 0.683333
0.021944 0.155000 0.716667
0.021944 0.155000 0.750000
0.021944 0.155000 0.783333
0.021944 0.155000 0.816667
0.021944 0.155000 0.850000
0.022167 0.120000 0.550000
0.022167 0.120000 0.583333
0.022167 0.120000 0.616667
0.022167 0.120000 0.650000
0.022167 0.120000 0.683333
0.022167 0.120000 0.716667
0.022167 0.120000 0.750000
0.022167 0.120000 0.783333
0.022167 0.120000 0.816667
0.022167 0.120000 0.850000
0.022167 0.123889 0.550000
0.022167 0.123889 0.583333
0.022167 0.123889 0.616667
0.022167 0.123889 0.650000
0.022167 0.123889 0.683333
0.022167 0.123889 0.716667
0.022167 0.123889 0.750000
0.022167 0.123889 0.783333
0.022167 0.123889 0.816667
0.022167 0.123889 0.850000
0.022167 0.127778 0.550000
0.022167 0.127778 0.583333
0.022167 0.127778 0.616667
0.022167 0.127778 0.650000
0.022167 0.127778 0.683333
0.022167 0.127778 0.716667
0.022167 0.127778 0.750000
0.022167 0.127778 0.783333
0.022167 0.127778 0.816667
0.022167 0.127778 0.850000
0.022167 0.131667 0.550000
0.022167 0.131667 0.583333
0.022167 0.131667 0.616667
0.022167 0.131667 0.650000
0.022167 0.131667 0.683333
0.022167 0.131667 0.716667
0.022167 0.131667 0.750000
0.022167 0.131667 0.783333
0.022167 0.131667 0.816667
0.022167 0.131667 0.850000
0.022167 0.135556 0.550000
0.022167 0.135556 0.583333
0.022167 0.135556 0.616667
0.022167 0.135556 0.650000
0.022167 0.135556 0.683333
0.022167 0.135556 0.716667
0.022167 0.135556 0.750000
0.022167 0.135556 0.783333
0.022167 0.135556 0.816667
0.022167 0.135556 0.850000
0.022167 0.139444 0.550000
0.022167 0.139444 0.583333
0.022167 0.139444 0.616667
0.022167 0.139444 0.650000
0.022167 0.139444 0.683333
0.022167 0.139444 0.716667
0.022167 0.139444 0.750000
0.022167 0.139444 0.783333
0.022167 0.139444 0.816667
0.022167 0.139444 0.850000
0.022167 0.143333 0.550000
0.022167 0.143333 0.583333
0.022167 0.143333 0.616667
0.022167 0.143333 0.650000
0.022167 0.143333 0.683333
0.022167 0.143333 0.716667
0.022167 0.143333 0.750000
0.022167 0.143333 0.783333
0.022167 0.143333 0.816667
0.022167 0.143333 0.850000
0.022167 0.147222 0.550000
0.022167 0.147222 0.583333
0.022167 0.147222 0.616667
0.022167 0.147222 0.650000
0.022167 0.147222 0.683333
0.022167 0.147222 0.716667
0.022167 0.147222 0.750000
0.022167 0.147222 0.783333
0.022167 0.147222 0.816667
0.022167 0.147222 0.850000
0.022167 0.151111 0.550000
0.022167 0.151111 0.583333
0.022167 0.151111 0.616667
0.022167 0.151111 0.650000
0.022167 0.151111 0.683333
0.022167 0.151111 0.716667
0.022167 0.151111 0.750000
0.022167 0.151111 0.783333
0.022167 0.151111 0.816667
0.022167 0.151111 0.850000
0.022167 0.155000 0.550000
0.022167 0.155000 0.583333
0.022167 0.155000 0.616667
0.022167 0.155000 0.650000
0.022167 0.155000 0.683333
0.022167 0.155000 0.716667
0.022167 0.155000 0.750000
0.022167 0.155000 0.783333
0.022167 0.155000 0.816667
0.022167 0.155000 0.850000
0.022389 0.120000 0.550000
0.022389 0.120000 0.583333
0.022389 0.120000 0.616667
0.022389 0.120000 0.650000
0.022389 0.120000 0.683333
0.022389 0.120000 0.716667
0.022389 0.120000 0.750000
0.022389 0.120000 0.783333
0.022389 0.120000 0.816667
0.022389 0.120000 0.850000
0.022389 0.123889 0.550000
0.022389 0.123889 0.583333
0.022389 0.123889 0.616667
0.022389 0.123889 0.650000
0.022389 0.123889 0.683333
0.022389 0.123889 0.716667
0.022389 0.123889 0.750000
0.022389 0.123889 0.783333
0.022389 0.123889 0.816667
0.022389 0.123889 0.850000
0.022389 0.127778 0.550000
0.022389 0.127778 0.583333
0.022389 0.127778 0.616667
0.022389 0.127778 0.650000
0.022389 0.127778 0.683333
0.022389 0.127778 0.716667
0.022389 0.127778 0.750000
0.022389 0.127778 0.783333
0.022389 0.127778 0.816667
0.022389 0.127778 0.850000
0.022389 0.131667 0.550000
0.022389 0.131667 0.583333
0.022389 0.131667 0.616667
0.022389 0.131667 0.650000
0.022389 0.131667 0.683333
0.022389 0.131667 0.716667
0.022389 0.131667 0.750000
0.022389 0.131667 0.783333
0.022389 0.131667 0.816667
0.022389 0.131667 0.850000
0.022389 0.135556 0.550000
0.022389 0.135556 0.583333
0.022389 0.135556 0.616667
0.022389 0.135556 0.650000
0.022389 0.135556 0.683333
0.022389 0.135556 0.716667
0.022389 0.135556 0.750000
0.022389 0.135556 0.783333
0.022389 0.135556 0.816667
0.022389 0.135556 0.850000
0.022389 0.139444 0.550000
0.022389 0.139444 0.583333
0.022389 0.139444 0.616667
0.022389 0.139444 0.650000
0.022389 0.139444 0.683333
0.022389 0.139444 0.716667
0.022389 0.139444 0.750000
0.022389 0.139444 0.783333
0.022389 0.139444 0.816667
0.022389 0.139444 0.850000
0.022389 0.143333 0.550000
0.022389 0.143333 0.583333
0.022389 0.143333 0.616667
0.022389 0.143333 0.650000
0.022389 0.143333 0.683333
0.022389 0.143333 0.716667
0.022389 0.143333 0.750000
0.022389 0.143333 0.783333
0.022389 0.143333 0.816667
0.022389 0.143333 0.850000
0.022389 0.147222 0.550000
0.022389 0.147222 0.583333
0.022389 0.147222 0.616667
0.022389 0.147222 0.650000
0.022389 0.147222 0.683333
0.022389 0.147222 0.716667
0.022389 0.147222 0.750000
0.022389 0.147222 0.783333
0.022389 0.147222 0.816667
0.022389 0.147222 0.850000
0.022389 0.151111 0.550000
0.022389 0.151111 0.583333
0.022389 0.151111 0.616667
0.022389 0.151111 0.650000
0.022389 0.151111 0.683333
0.022389 0.151111 0.716667
0.022389 0.151111 0.750000
0.022389 0.151111 0.783333
0.022389 0.151111 0.816667
0.022389 0.151111 0.850000
0.022389 0.155000 0.550000
0.022389 0.155000 0.583333
0.022389 0.155000 0.616667
0.022389 0.155000 0.650000
0.022389 0.155000 0.683333
0.022389 0.155000 0.716667
0.022389 0.155000 0.750000
0.022389 0.155000 0.783333
0.022389 0.155000 0.816667
0.022389 0.155000 0.850000
0.022611 0.120000 0.550000
0.022611 0.120000 0.583333
0.022611 0.120000 0.616667
0.022611 0.120000 0.650000
0.022611 0.120000 0.683333
0.022611 0.120000 0.716667
0.022611 0.120000 0.750000
0.022611 0.120000 0.783333
0.022611 0.120000 0.816667
0.022611 0.120000 0.850000
0.022611 0.123889 0.550000
0.022611 0.123889 0.583333
0.022611 0.123889 0.616667
0.022611 0.123889 0.650000
0.022611 0.123889 0.683333
0.022611 0.123889 0.716667
0.022611 0.123889 0.750000
0.022611 0.123889 0.783333
0.022611 0.123889 0.816667
0.022611 0.123889 0.850000
0.022611 0.127778 0.550000
0.022611 0.127778 0.583333
0.022611 0.127778 0.616667
0.022611 0.127778 0.650000
0.022611 0.127778 0.683333
0.022611 0.127778 0.716667
0.022611 0.127778 0.750000
0.022611 0.127778 0.783333
0.022611 0.127778 0.816667
0.022611 0.127778 0.850000
0.022611 0.131667 0.550000
0.022611 0.131667 0.583333
0.022611 0.131667 0.616667
0.022611 0.131667 0.650000
0.022611 0.131667 0.683333
0.022611 0.131667 0.716667
0.022611 0.131667 0.750000
0.022611 0.131667 0.783333
0.022611 0.131667 0.816667
0.022611 0.131667 0.850000
0.022611 0.135556 0.550000
0.022611 0.135556 0.583333
0.022611 0.135556 0.616667
0.022611 0.135556 0.650000
0.022611 0.135556 0.683333
0.022611 0.135556 0.716667
0.022611 0.135556 0.750000
0.022611 0.135556 0.783333
0.022611 0.135556 0.816667
0.022611 0.135556 0.850000
0.022611 0.139444 0.550000
0.022611 0.139444 0.583333
0.022611 0.139444 0.616667
0.022611 0.139444 0.650000
0.022611 0.139444 0.683333
0.022611 0.139444 0.716667
0.022611 0.139444 0.750000
0.022611 0.139444 0.783333
0.022611 0.139444 0.816667
0.022611 0.139444 0.850000
0.022611 0.143333 0.550000
0.022611 0.143333 0.583333
0.022611 0.143333 0.616667
0.022611 0.143333 0.650000
0.022611 0.143333 0.683333
0.022611 0.143333 0.716667
0.022611 0.143333 0.750000
0.022611 0.143333 0.783333
0.022611 0.143333 0.816667
0.022611 0.143333 0.850000
0.022611 0.147222 0.550000
0.022611 0.147222 0.583333
0.022611 0.147222 0.616667
0.022611 0.147222 0.650000
0.022611 0.147222 0.683333
0.022611 0.147222 0.716667
0.022611 0.147222 0.750000
0.022611 0.147222 0.783333
0.022611 0.147222 0.816667
0.022611 0.147222 0.850000
0.022611 0.151111 0.550000
0.022611 0.151111 0.583333
0.022611 0.151111 0.616667
0.022611 0.151111 0.650000
0.022611 0.151111 0.683333
0.022611 0.151111 0.716667
0.022611 0.151111 0.750000
0.022611 0.151111 0.783333
0.022611 0.151111 0.816667
0.022611 0.151111 0.850000
0.022611 0.155000 0.550000
0.022611 0.155000 0.583333
0.022611 0.155000 0.616667
0.022611 0.155000 0.650000
0.022611 0.155000 0.683333
0.022611 0.155000 0.716667
0.022611 0.155000 0.750000
0.022611 0.155000 0.783333
0.022611 0.155000 0.816667
0.022611 0.155000 0.850000
0.022833 0.120000 0.550000
0.022833 0.120000 0.583333
0.022833 0.120000 0.616667
0.022833 0.120000 0.650000
0.022833 0.120000 0.683333
0.022833 0.120000 0.716667
0.022833 0.120000 0.750000
0.022833 0.120000 0.783333
0.022833 0.120000 0.816667
0.022833 0.120000 0.850000
0.022833 0.123889 0.550000
0.022833 0.123889 0.583333
0.022833 0.123889 0.616667
0.022833 0.123889 0.650000
0.022833 0.123889 0.683333
0.022833 0.123889 0.716667
0.022833 0.123889 0.750000
0.022833 0.123889 0.783333
0.022833 0.123889 0.816667
0.022833 0.123889 0.850000
0.022833 0.127778 0.550000
0.022833 0.127778 0.583333
0.022833 0.127778 0.616667
0.022833 0.127778 0.650000
0.022833 0.127778 0.683333
0.022833 0.127778 0.716667
0.022833 0.127778 0.750000
0.022833 0.127778 0.783333
0.022833 0.127778 0.816667
0.022833 0.127778 0.850000
0.022833 0.131667 0.550000
0.022833 0.131667 0.583333
0.022833 0.131667 0.616667
0.022833 0.131667 0.650000
0.022833 0.131667 0.683333
0.022833 0.131667 0.716667
0.022833 0.131667 0.750000
0.022833 0.131667 0.783333
0.022833 0.131667 0.816667
0.022833 0.131667 0.850000
0.022833 0.135556 0.550000
0.022833 0.135556 0.583333
0.022833 0.135556 0.616667
0.022833 0.135556 0.650000
0.022833 0.135556 0.683333
0.022833 0.135556 0.716667
0.022833 0.135556 0.750000
0.022833 0.135556 0.783333
0.022833 0.135556 0.816667
0.022833 0.135556 0.850000
0.022833 0.139444 0.550000
0.022833 0.139444 0.583333
0.022833 0.139444 0.616667
0.022833 0.139444 0.650000
0.022833 0.139444 0.683333
0.022833 0.139444 0.716667
0.022833 0.139444 0.750000
0.022833 0.139444 0.783333
0.022833 0.139444 0.816667
0.022833 0.139444 0.850000
0.022833 0.143333 0.550000
0.022833 0.143333 0.583333
0.022833 0.143333 0.616667
0.022833 0.143333 0.650000
0.022833 0.143333 0.683333
0.022833 0.143333 0.716667
0.022833 0.143333 0.750000
0.022833 0.143333 0.783333
0.022833 0.143333 0.816667
0.022833 0.143333 0.850000
0.022833 0.147222 0.550000
0.022833 0.147222 0.583333
0.022833 0.147222 0.616667
0.022833 0.147222 0.650000
0.022833 0.147222 0.683333
0.022833 0.147222 0.716667
0.022833 0.147222 0.750000
0.022833 0.147222 0.783333
0.022833 0.147222 0.816667
0.022833 0.147222 0.850000
0.022833 0.151111 0.550000
0.022833 0.151111 0.583333
0.022833 0.151111 0.616667
0.022833 0.151111 0.650000
0.022833 0.151111 0.683333
0.022833 0.151111 0.716667
0.022833 0.151111 0.750000
0.022833 0.151111 0.783333
0.022833 0.151111 0.816667
0.022833 0.151111 0.850000
0.022833 0.155000 0.550000
0.022833 0.155000 0.583333
0.022833 0.155000 0.616667
0.022833 0.155000 0.650000
0.022833 0.155000 0.683333
0.022833 0.155000 0.716667
0.022833 0.155000 0.750000
0.022833 0.155000 0.783333
0.022833 0.155000 0.816667
0.022833 0.155000 0.850000
0.023056 0.120000 0.550000
0.023056 0.120000 0.583333
0.023056 0.120000 0.616667
0.023056 0.120000 0.650000
0.023056 0.120000 0.683333
0.023056 0.120000 0.716667
0.023056 0.120000 0.750000
0.023056 0.120000 0.783333
0.023056 0.120000 0.816667
0.023056 0.120000 0.850000
0.023056 0.123889 0.550000
0.023056 0.123889 0.583333
0.023056 0.123889 0.616667
0.023056 0.123889 0.650000
0.023056 0.123889 0.683333
0.023056 0.123889 0.716667
0.023056 0.123889 0.750000
0.023056 0.123889 0.783333
0.023056 0.123889 0.816667
0.023056 0.123889 0.850000
0.023056 0.127778 0.550000
0.023056 0.127778 0.583333
0.023056 0.127778 0.616667
0.023056 0.127778 0.650000
0.023056 0.127778 0.683333
0.023056 0.127778 0.716667
0.023056 0.127778 0.750000
0.023056 0.127778 0.783333
0.023056 0.127778 0.816667
0.023056 0.127778 0.850000
0.023056 0.131667 0.550000
0.023056 0.131667 0.583333
0.023056 0.131667 0.616667
0.023056 0.131667 0.650000
0.023056 0.131667 0.683333
0.023056 0.131667 0.716667
0.023056 0.131667 0.750000
0.023056 0.131667 0.783333
0.023056 0.131667 0.816667
0.023056 0.131667 0.850000
0.023056 0.135556 0.550000
0.023056 0.135556 0.583333
0.023056 0.135556 0.616667
0.023056 0.135556 0.650000
0.023056 0.135556 0.683333
0.023056 0.135556 0.716667
0.023056 0.135556 0.750000
0.023056 0.135556 0.783333
0.023056 0.135556 0.816667
0.023056 0.135556 0.850000
0.023056 0.139444 0.550000
0.023056 0.139444 0.583333
0.023056 0.139444 0.616667
0.023056 0.139444 0.650000
0.023056 0.139444 0.683333
0.023056 0.139444 0.716667
0.023056 0.139444 0.750000
0.023056 0.139444 0.783333
0.023056 0.139444 0.816667
0.023056 0.139444 0.850000
0.023056 0.143333 0.550000
0.023056 0.143333 0.583333
0.023056 0.143333 0.616667
0.023056 0.143333 0.650000
0.023056 0.143333 0.683333
0.023056 0.143333 0.716667
0.023056 0.143333 0.750000
0.023056 0.143333 0.783333
0.023056 0.143333 0.816667
0.023056 0.143333 0.850000
0.023056 0.147222 0.550000
0.023056 0.147222 0.583333
0.023056 0.147222 0.616667
0.023056 0.147222 0.650000
0.023056 0.147222 0.683333
0.023056 0.147222 0.716667
0.023056 0.147222 0.750000
0.023056 0.147222 0.783333
0.023056 0.147222 0.816667
0.023056 0.147222 0.850000
0.023056 0.151111 0.550000
0.023056 0.151111 0.583333
0.023056 0.151111 0.616667
0.023056 0.151111 0.650000
0.023056 0.151111 0.683333
0.023056 0.151111 0.716667
0.023056 0.151111 0.750000
0.023056 0.151111 0.783333
0.023056 0.151111 0.816667
0.023056 0.151111 0.850000
0.023056 0.155000 0.550000
0.023056 0.155000 0.583333
0.023056 0.155000 0.616667
0.023056 0.155000 0.650000
0.023056 0.155000 0.683333
0.023056 0.155000 0.716667
0.023056 0.155000 0.750000
0.023056 0.155000 0.783333
0.023056 0.155000 0.816667
0.023056 0.155000 0.850000
0.023278 0.120000 0.550000
0.023278 0.120000 0.583333
0.023278 0.120000 0.616667
0.023278 0.120000 0.650000
0.023278 0.120000 0.683333
0.023278 0.120000 0.716667
0.023278 0.120000 0.750000
0.023278 0.120000 0.783333
0.023278 0.120000 0.816667
0.023278 0.120000 0.850000
0.023278 0.123889 0.550000
0.023278 0.123889 0.583333
0.023278 0.123889 0.616667
0.023278 0.123889 0.650000
0.023278 0.123889 0.683333
0.023278 0.123889 0.716667
0.023278 0.123889 0.750000
0.023278 0.123889 0.783333
0.023278 0.123889 0.816667
0.023278 0.123889 0.850000
0.023278 0.127778 0.550000
0.023278 0.127778 0.583333
0.023278 0.127778 0.616667
0.023278 0.127778 0.650000
0.023278 0.127778 0.683333
0.023278 0.127778 0.716667
0.023278 0.127778 0.750000
0.023278 0.127778 0.783333
0.023278 0.127778 0.816667
0.023278 0.127778 0.850000
0.023278 0.131667 0.550000
0.023278 0.131667 0.583333
0.023278 0.131667 0.616667
0.023278 0.131667 0.650000
0.023278 0.131667 0.683333
0.023278 0.131667 0.716667
0.023278 0.131667 0.750000
0.023278 0.131667 0.783333
0.023278 0.131667 0.816667
0.023278 0.131667 0.850000
0.023278 0.135556 0.550000
0.023278 0.135556 0.583333
0.023278 0.135556 0.616667
0.023278 0.135556 0.650000
0.023278 0.135556 0.683333
0.023278 0.135556 0.716667
0.023278 0.135556 0.750000
0.023278 0.135556 0.783333
0.023278 0.135556 0.816667
0.023278 0.135556 0.850000
0.023278 0.139444 0.550000
0.023278 0.139444 0.583333
0.023278 0.139444 0.616667
0.023278 0.139444 0.650000
0.023278 0.139444 0.683333
0.023278 0.139444 0.716667
0.023278 0.139444 0.750000
0.023278 0.139444 0.783333
0.023278 0.139444 0.816667
0.023278 0.139444 0.850000
0.023278 0.143333 0.550000
0.023278 0.143333 0.583333
0.023278 0.143333 0.616667
0.023278 0.143333 0.650000
0.023278 0.143333 0.683333
0.023278 0.143333 0.716667
0.023278 0.143333 0.750000
0.023278 0.143333 0.783333
0.023278 0.143333 0.816667
0.023278 0.143333 0.850000
0.023278 0.147222 0.550000
0.023278 0.147222 0.583333
0.023278 0.147222 0.616667
0.023278 0.147222 0.650000
0.023278 0.147222 0.683333
0.023278 0.147222 0.716667
0.023278 0.147222 0.750000
0.023278 0.147222 0.783333
0.023278 0.147222 0.816667
0.023278 0.147222 0.850000
0.023278 0.151111 0.550000
0.023278 0.151111 0.583333
0.023278 0.151111 0.616667
0.023278 0.151111 0.650000
0.023278 0.151111 0.683333
0.023278 0.151111 0.716667
0.023278 0.151111 0.750000
0.023278 0.151111 0.783333
0.023278 0.151111 0.816667
0.023278 0.151111 0.850000
0.023278 0.155000 0.550000
0.023278 0.155000 0.583333
0.023278 0.155000 0.616667
0.023278 0.155000 0.650000
0.023278 0.155000 0.683333
0.023278 0.155000 0.716667
0.023278 0.155000 0.750000
0.023278 0.155000 0.783333
0.023278 0.155000 0.816667
0.023278 0.155000 0.850000
0.023500 0.120000 0.550000
0.023500 0.120000 0.583333
0.023500 0.120000 0.616667
0.023500 0.120000 0.650000
0.023500 0.120000 0.683333
0.023500 0.120000 0.716667
0.023500 0.120000 0.750000
0.023500 0.120000 0.783333
0.023500 0.120000 0.816667
0.023500 0.120000 0.850000
0.023500 0.123889 0.550000
0.023500 0.123889 0.583333
0.023500 0.123889 0.616667
0.023500 0.123889 0.650000
0.023500 0.123889 0.683333
0.023500 0.123889 0.716667
0.023500 0.123889 0.750000
0.023500 0.123889 0.783333
0.023500 0.123889 0.816667
0.023500 0.123889 0.850000
0.023500 0.127778 0.550000
0.023500 0.127778 0.583333
0.023500 0.127778 0.616667
0.023500 0.127778 0.650000
0.023500 0.127778 0.683333
0.023500 0.127778 0.716667
0.023500 0.127778 0.750000
0.023500 0.127778 0.783333
0.023500 0.127778 0.816667
0.023500 0.127778 0.850000
0.023500 0.131667 0.550000
0.023500 0.131667 0.583333
0.023500 0.131667 0.616667
0.023500 0.131667 0.650000
0.023500 0.131667 0.683333
0.023500 0.131667 0.716667
0.023500 0.131667 0.750000
0.023500 0.131667 0.783333
0.023500 0.131667 0.816667
0.023500 0.131667 0.850000
0.023500 0.135556 0.550000
0.023500 0.135556 0.583333
0.023500 0.135556 0.616667
0.023500 0.135556 0.650000
0.023500 0.135556 0.683333
0.023500 0.135556 0.716667
0.023500 0.135556 0.750000
0.023500 0.135556 0.783333
0.023500 0.135556 0.816667
0.023500 0.135556 0.850000
0.023500 0.139444 0.550000
0.023500 0.139444 0.583333
0.023500 0.139444 0.616667
0.023500 0.139444 0.650000
0.023500 0.139444 0.683333
0.023500 0.139444 0.716667
0.023500 0.139444 0.750000
0.023500 0.139444 0.783333
0.023500 0.139444 0.816667
0.023500 0.139444 0.850000
0.023500 0.143333 0.550000
0.023500 0.143333 0.583333
0.023500 0.143333 0.616667
0.023500 0.143333 0.650000
0.023500 0.143333 0.683333
0.023500 0.143333 0.716667
0.023500 0.143333 0.750000
0.023500 0.143333 0.783333
0.023500 0.143333 0.816667
0.023500 0.143333 0.850000
0.023500 0.147222 0.550000
0.023500 0.147222 0.583333
0.023500 0.147222 0.616667
0.023500 0.147222 0.650000
0.023500 0.147222 0.683333
0.023500 0.147222 0.716667
0.023500 0.147222 0.750000
0.023500 0.147222 0.783333
0.023500 0.147222 0.816667
0.023500 0.147222 0.850000
0.023500 0.151111 0.550000
0.023500 0.151111 0.583333
0.023500 0.151111 0.616667
0.023500 0.151111 0.650000
0.023500 0.151111 0.683333
0.023500 0.151111 0.716667
0.023500 0.151111 0.750000
0.023500 0.151111 0.783333
0.023500 0.151111 0.816667
0.023500 0.151111 0.850000
0.023500 0.155000 0.550000
0.023500 0.155000 0.583333
0.023500 0.155000 0.616667
0.023500 0.155000 0.650000
0.023500 0.155000 0.683333
0.023500 0.155000 0.716667
0.023500 0.155000 0.750000
0.023500 0.155000 0.783333
0.023500 0.155000 0.816667
0.023500 0.155000 0.850000
