0000
0001
0002
0003
0004
0006
0007
0008
0010
0011
0012
0013
0014
0017
0020
0021
0022
0023
0025
0026
0027
0028
0031
0032
0033
0034
0035
0036
0037
0039
0040
0041
0042
0043
0044
0046
0047
0048
0049
0050
0051
0052
0053
0054
0057
0058
0059
0061
0062
0063
0064
0070
0071
0072
0073
0074
0077
0080
0081
0083
0085
0087
0088
0089
0090
0091
0092
0094
0096
0097
0098
0099
0100
0101
0102
0103
0105
0106
0107
0108
0109
0110
0111
0112
0113
0116
0117
0118
0119
0120
0121
0123
0127
0129
0130
0131
0133
0134
0136
0138
0139
0140
0141
0142
0144
0145
0146
0147
0149
0151
0153
0154
0155
0156
0157
0159
0160
0161
0162
0163
0166
0167
0168
0169
0171
0172
0175
0176
0178
0179
0180
0181
0183
0184
0185
0187
0188
0189
0190
0191
0192
0193
0194
0196
0198
0199
