0010
0023
0025
0030
0039
0044
0054
0055
0059
0060
0063
0066
0067
0070
0072
0076
0086
0088
0096
0101
0107
0110
0120
0136
0139
0158
0168
0174
0184
0198
0209
0210
0215
0218
0221
0235
0237
0244
0247
0254
0256
0259
0260
0261
0265
0275
0277
0280
0281
0289
0292
0294
0296
0298
0299
0307
0309
0310
0312
0314
0318
0319
0321
0327
0328
0346
0351
0361
0363
0370
0371
0382
0411
0425
0429
0432
0436
0439
0445
0451
0462
0479
0486
0493
0499
0513
0521
0522
0527
0528
0529
0534
0542
0543
0548
0549
0554
0559
0570
0578
0583
0584
0589
0590
0595
0599
0601
0604
0617
0621
0626
0635
0636
0643
0644
0649
0650
0652
0660
0662
0668
0677
0678
0679
0687
0689
0692
0697
0713
0714
0716
0721
0737
0740
0741
0753
0761
0764
0767
0787
0800
0802
0810
0811
0816
0820
0822
0823
0826
0837
0849
0859
0865
0866
0867
0879
0883
0884
0892
0893
0899
0901
0902
0914
0917
0924
0936
0938
0941
0947
0959
0973
0974
0977
0978
0985
0986
0989
0995
0998
